Establecimiento,Direccion,Mesas,Mesa desde,Mesa Hasta,electores,ID,Nombre Seccion,Nombre Circuito,Seccion,Circuito,obs,Barrio,Ciudad,to-geo,Latitud,Longitud,Ubicacion de Google,Estado Geolocalizacion,Geolocalizador
INST. SEC. COM. SAN JOSE,BV BAUTISTA BOIRO 718,5,4313,4317,1648,6-74,General San Martín,ARROYO CABRAL,6,74,,,ARROYO CABRAL,"BV BAUTISTA BOIRO 718, ARROYO CABRAL, Córdoba, Argentina","42,647476","-8,8833538","Boiro, A Coruña, Spain",Partial Match,Google
ESCUELA M. MORENO,JUSTINIANO CELIZ HEREDIA 650,8,3544,3551,2767,3-29,Colón,COLONIA CAROYA,3,29,,,COLONIA CAROYA,"JUSTINIANO CELIZ HEREDIA 650, COLONIA CAROYA, Córdoba, Argentina","9,9981413","-84,1197643","Heredia Province, Heredia, Costa Rica",Partial Match,Google
INST BERNARDO D'ELIA,ASUNCION B°LA QUINTA 440,15,5489,5503,5214,12-156,Punilla,VILLA CARLOS PAZ,12,156,,,VILLA CARLOS PAZ,"ASUNCION B°LA QUINTA 440, VILLA CARLOS PAZ, Córdoba, Argentina","-25,2637399","-57,575926","Asuncion, Paraguay",Partial Match,Google
ESC.PROV. SAN LUIS,TUCUMAN 225,5,4275,4279,1589,5-66,General Roca,MATTALDI,5,66,,,MATTALDI,"TUCUMAN 225, MATTALDI, Córdoba, Argentina","-26,8082848","-65,2175903","San Miguel de Tucumán, Tucumán, Argentina",Partial Match,Google
IPEM 390,TUCUMAN S/N,6,3316,3321,1822,2-23,Calamuchita,VILLA YACANTO,2,23,,,VILLA YACANTO,"TUCUMAN S/N, VILLA YACANTO, Córdoba, Argentina","-26,8082848","-65,2175903","San Miguel de Tucumán, Tucumán, Argentina",Partial Match,Google
IPEM N° 299-DR S E NAUMCHIK,SANTIAGO DEL ESTERO ESQ.FRAGUEIRO 973,7,8007,8013,2410,23-336,Tercero Arriba,ALMAFUERTE,23,336,,,ALMAFUERTE,"SANTIAGO DEL ESTERO ESQ.FRAGUEIRO 973, ALMAFUERTE, Córdoba, Argentina","-27,7833574","-64,264167","Santiago del Estero, Santiago del Estero Province, Argentina",Partial Match,Google
ESC.MARTIN GUERRICO,CORRIENTES Y LA RIOJA,7,4890,4896,2290,8-118,Juárez Celman,UCACHA,8,118,,,UCACHA,"CORRIENTES Y LA RIOJA, UCACHA, Córdoba, Argentina","-29,4134538","-66,8564579","La Rioja, La Rioja Province, Argentina",Partial Match,Google
ESC.PROV. 25 DE MAYO,LA RIOJA 226,9,4343,4351,2917,6-79,General San Martín,LA PLAYOSA,6,79,,,LA PLAYOSA,"LA RIOJA 226, LA PLAYOSA, Córdoba, Argentina","-29,4134538","-66,8564579","La Rioja, La Rioja Province, Argentina",Partial Match,Google
ESC.PROVINCIA DE BS.AIRES,MARIANO MORENO 220,8,4717,4724,2625,7-99,Ischilín,QUILINO ESTACION,7,99,,,QUILINO ESTACION,"MARIANO MORENO 220, QUILINO ESTACION, Córdoba, Argentina","-30,2150228","-64,499591","Quilino, Cordoba, Argentina",Partial Match,Google
ESC.AMANDA SUAREZ CORDOBA,SANTA ROSA ESQ. AMADEO SABATTINI,7,4706,4712,2407,7-95,Ischilín,DEAN FUNES,7,95,,,DEAN FUNES,"SANTA ROSA ESQ. AMADEO SABATTINI, DEAN FUNES, Córdoba, Argentina","-30,4130476","-64,3482794","Amadeo Sabatini, Dean Funes, Córdoba, Argentina",Partial Match,Google
ESC PERITO FRANCISCO MORENO,DEAN FUNES Y HEROES ANONIMOS S/N,9,5732,5740,3089,13-162,Río Cuarto,ALCIRA,13,162,,,ALCIRA,"DEAN FUNES Y HEROES ANONIMOS S/N, ALCIRA, Córdoba, Argentina","-30,4240924","-64,349403","Deán Funes, Cordoba, Argentina",Partial Match,Google
ESC NICOLAS AVELLANEDA,DEAN FUNES ESQ CORRIENTES,5,4209,4213,1663,4-56,Cruz del Eje,SOTO,4,56,,,SOTO,"DEAN FUNES ESQ CORRIENTES, SOTO, Córdoba, Argentina","-30,4240924","-64,349403","Deán Funes, Cordoba, Argentina",Partial Match,Google
ESC.M.J.G.DE BELGRANO,JERONIMO L DE CABRERA 451,10,4666,4675,3459,7-95,Ischilín,DEAN FUNES,7,95,,,DEAN FUNES,"JERONIMO L DE CABRERA 451, DEAN FUNES, Córdoba, Argentina","-30,4264324","-64,3481338","Domingo Cabrera 451, Dean Funes, Córdoba, Argentina",Partial Match,Google
ESCUELA M. GUEMES,CALLE PUBLICA S/N RUTA PROV A 175,3,4158,4160,997,4-50,Cruz del Eje,MEDIA NARANJA,4,50,,,MEDIA NARANJA,"CALLE PUBLICA S/N RUTA PROV A 175, MEDIA NARANJA, Córdoba, Argentina","-30,6440433","-64,9282564","Media Naranja, Córdoba, Argentina",Partial Match,Google
ESC PROV MANUEL BELGRANO,CAMINO VIEJO S/N,4,4145,4148,1383,4-45,Cruz del Eje,EL BRETE,4,45,,,EL BRETE,"CAMINO VIEJO S/N, EL BRETE, Córdoba, Argentina","-30,673429","-64,8730364","El Brete, Córdoba, Argentina",Partial Match,Google
IPETYM N° 74 FRAY M ESQUIU,BV ALLENDE S/N LAS FLORES,7,8320,8326,2372,24-359,Totoral,VILLA DEL TOTORAL,24,359,,,VILLA DEL TOTORAL,"BV ALLENDE S/N LAS FLORES, VILLA DEL TOTORAL, Córdoba, Argentina","-30,70619","-64,0727852","Boulevard Allende, Villa del Totoral, Córdoba, Argentina",Partial Match,Google
ESC D VELEZ SARSFIELD,EMILIO F OLMOS 375,11,7426,7436,3781,20-304,San Justo,MORTEROS,20,304,,,MORTEROS,"EMILIO F OLMOS 375, MORTEROS, Córdoba, Argentina","-30,7113387","-62,0065703","Morteros, Cordoba, Argentina",Partial Match,Google
IPEM N° 253,ALEM ESQ DOMINGO MATEU,16,4066,4081,5534,4-44,Cruz del Eje,CRUZ DEL EJE,4,44,,,CRUZ DEL EJE,"ALEM ESQ DOMINGO MATEU, CRUZ DEL EJE, Córdoba, Argentina","-30,7350021","-64,7914988","D. Matheu, Cruz del Eje, Córdoba, Argentina",Partial Match,Google
ESCUELA PROV.M. MORENO,PUBLICA S/N,3,4059,4061,712,4-42,Cruz del Eje,BAÑADO DE SOTO,4,42,,,BAÑADO DE SOTO,"PUBLICA S/N, BAÑADO DE SOTO, Córdoba, Argentina","-30,7786751","-65,0496521","Bañado de Soto, Córdoba, Argentina",Partial Match,Google
ESC JUANA PAULA MANSO,CALLE PUBLICA S/N,1,4181,4181,60,4-54A,Cruz del Eje,CANTERAS QUILPO,4,54A,,,CANTERAS QUILPO,"CALLE PUBLICA S/N, CANTERAS QUILPO, Córdoba, Argentina","-30,8333302","-64,6666718","Canteras Quilpo, Córdoba, Argentina",Partial Match,Google
E.N.E.T. N°1,JUAN BAUTISTA ALBERDI 2200,5,4204,4208,1675,4-56,Cruz del Eje,SOTO,4,56,,,SOTO,"JUAN BAUTISTA ALBERDI 2200, SOTO, Córdoba, Argentina","-30,8539263","-64,9934681","Villa de Soto, Cordoba, Argentina",Partial Match,Google
INSTITUTO SANTO DOMINGO,JOSE IGNACIO PERALTA 249,4,4200,4203,1343,4-56,Cruz del Eje,SOTO,4,56,,,SOTO,"JOSE IGNACIO PERALTA 249, SOTO, Córdoba, Argentina","-30,8539263","-64,9934681","Villa de Soto, Cordoba, Argentina",Partial Match,Google
IPETIN 262 BELISARIO ROLDAN,DR PITT FUNES 547,9,7243,7251,3034,20-282,San Justo,BRINKMANN,20,282,,,BRINKMANN,"DR PITT FUNES 547, BRINKMANN, Córdoba, Argentina","-30,8678702","-62,0346209","Dr. Funes, Brinkmann, Córdoba, Argentina",Partial Match,Google
IPEM N° 344,RUTA PROVI  N 15 S/N,7,6878,6884,2356,18-261,San Alberto,BROCHERO,18,261,,,BROCHERO,"RUTA PROVI  N 15 S/N, BROCHERO, Córdoba, Argentina","-30,9579327","-65,0660546","S/N, RP15 15, Córdoba, Argentina",Partial Match,Google
I.P.E.T.N° 69  JUANA MANSO,PERU 212,13,3608,3620,4511,3-33,Colón,JESUS MARIA,3,33,,,JESUS MARIA,"PERU 212, JESUS MARIA, Córdoba, Argentina","-30,9815529","-64,0957996","Jesús María, Cordoba, Argentina",Partial Match,Google
ESC.PROV.1ER.TTE.MORANDINI,CHILE -SAN JOSE OBRERO 222,12,3634,3645,4157,3-33,Colón,JESUS MARIA,3,33,,,JESUS MARIA,"CHILE -SAN JOSE OBRERO 222, JESUS MARIA, Córdoba, Argentina","-30,9815529","-64,0957996","Jesús María, Cordoba, Argentina",Partial Match,Google
ESC.PROVC.F.O. DE OCAMPO,AV. DR. FRANCISCO N. DE LAPRIDA 649,15,3646,3660,5199,3-33,Colón,JESUS MARIA,3,33,,,JESUS MARIA,"AV. DR. FRANCISCO N. DE LAPRIDA 649, JESUS MARIA, Córdoba, Argentina","-30,9815587","-64,0954596","Av. Laprida 649, Jesus María, Córdoba, Argentina",Partial Match,Google
INST BERNARDINO RIVADAVIA,SARMIENTO 217,8,7460,7467,2738,20-305,San Justo,PORTEÑA,20,305,,,PORTEÑA,"SARMIENTO 217, PORTEÑA, Córdoba, Argentina","-31,0139185","-62,0619979","Porteña, Cordoba, Argentina",Partial Match,Google
I.P.E.M N° 200,ARRABARRENA ESQ PROV UNIDAS S/N,10,5334,5343,3349,12-152,Punilla,HUERTA GRANDE,12,152,,,HUERTA GRANDE,"ARRABARRENA ESQ PROV UNIDAS S/N, HUERTA GRANDE, Córdoba, Argentina","-31,0736679","-64,4914178","Pcia Unidas, Huerta Grande, Córdoba, Argentina",Partial Match,Google
ESC BERNARDINO RIVADAVIA,NUETRA SEÑORA DEL CARMEN 199,8,5326,5333,2692,12-152,Punilla,HUERTA GRANDE,12,152,,,HUERTA GRANDE,"NUETRA SEÑORA DEL CARMEN 199, HUERTA GRANDE, Córdoba, Argentina","-31,0804801","-64,4899006","Ntra Sra del Carmen 199, Huerta Grande, Córdoba, Argentina",Partial Match,Google
ESC NICOLAS AVELLANEDA,PROGRESO 399 B°SANTA ROSA,7,5410,5416,2392,12-154,Punilla,LA FALDA,12,154,,,LA FALDA,"PROGRESO 399 B°SANTA ROSA, LA FALDA, Córdoba, Argentina","-31,0944026","-64,4828401","La Falda, Cordoba, Argentina",Partial Match,Google
ESC JOSE MARIA PAZ,HIPOLITO YRIGOYEN 431 B°SAN JORGE,7,5382,5388,2393,12-154,Punilla,LA FALDA,12,154,,,LA FALDA,"HIPOLITO YRIGOYEN 431 B°SAN JORGE, LA FALDA, Córdoba, Argentina","-31,0949786","-64,4840302","Av. Patria 241, La Falda, Córdoba, Argentina",Partial Match,Google
IPEM N°142 JOAQUIN V GONZALEZ,SAN GERONIMO Y LAS AMERICAS S/N,11,5389,5399,3756,12-154,Punilla,LA FALDA,12,154,,,LA FALDA,"SAN GERONIMO Y LAS AMERICAS S/N, LA FALDA, Córdoba, Argentina","-31,0974033","-64,4950355","San Geronimo, La Falda, Córdoba, Argentina",Partial Match,Google
ESC.CONSTANCIO C. VIGIL,01-may 112,7,3809,3815,2400,3-37,Colón,RIO CEBALLOS,3,37,,,RIO CEBALLOS,"01-may 112, RIO CEBALLOS, Córdoba, Argentina","-31,1737267","-64,3123326","Rio Ceballos, Cordoba, Argentina",Partial Match,Google
IPET 83 RENE FAVALORO,CATALINA MEDEOT ESQ FRANCISCO LAURET,11,3553,3563,3714,3-30,Colón,COLONIA TIROLESA,3,30,,,COLONIA TIROLESA,"CATALINA MEDEOT ESQ FRANCISCO LAURET, COLONIA TIROLESA, Córdoba, Argentina","-31,2365404","-64,0656217","Avenida Intendente Francisco Lauret, Col. Tirolesa, Córdoba, Argentina",Partial Match,Google
I.P.E.M. N° 78,COSTANERA LOS CIGARRALES 750,15,3873,3887,5194,3-40,Colón,UNQUILLO,3,40,,,UNQUILLO,"COSTANERA LOS CIGARRALES 750, UNQUILLO, Córdoba, Argentina","-31,2449512","-64,3040587","Av. Costanera, Unquillo, Córdoba, Argentina",Partial Match,Google
ESC PROV LEOPOLDO LUGONES,VILLA LOS LLANOS 225,11,3679,3689,3737,3-34,Colón,JUAREZ CELMAN,3,34,,,JUAREZ CELMAN,"VILLA LOS LLANOS 225, JUAREZ CELMAN, Córdoba, Argentina","-31,2739119","-64,1637591","Estación Juárez Celman, Cordoba, Argentina",Partial Match,Google
ESC.COMODORO R. SILIONI,AV. ACONCAGUA S/N,8,3690,3697,2720,3-34,Colón,JUAREZ CELMAN,3,34,,,JUAREZ CELMAN,"AV. ACONCAGUA S/N, JUAREZ CELMAN, Córdoba, Argentina","-31,2757806","-64,1645537","Estación Juárez Celman, Cordoba, Argentina",Partial Match,Google
ESC MUNIC DR JORGE ORGAZ,LAGUNA LARGA/R LUNA,7,3214,3220,2242,1-14P,Capital,VILLA RIVERA INDARTE,1,14P,,,Córdoba,"LAGUNA LARGA/R LUNA, Córdoba, Córdoba, Argentina","-31,3192506","-64,2932451","Laguna Larga, Córdoba, Argentina",Partial Match,Google
ESC GRAL JOSE DE SAN MARTIN,CORRIENTES  LUCHI 251,8,6423,6430,2667,14-218,Río Primero,RIO PRIMERO,14,218,,,RIO PRIMERO,"CORRIENTES  LUCHI 251, RIO PRIMERO, Córdoba, Argentina","-31,3314725","-63,6177006","Corrientes, Río Primero, Córdoba, Argentina",Partial Match,Google
EX-ESCUELA N°279,PABLO ROBERT 182,8,6415,6422,2672,14-218,Río Primero,RIO PRIMERO,14,218,,,RIO PRIMERO,"PABLO ROBERT 182, RIO PRIMERO, Córdoba, Argentina","-31,3317205","-63,6220702","Río Primero, Cordoba, Argentina",Partial Match,Google
ESC ING MASJOAN,P.L.DE CABRERA ESQ.TANTI 3070,10,256,265,3453,1-4B,Capital,VILLA REVOL,1,4B,,,Córdoba,"P.L.DE CABRERA ESQ.TANTI 3070, Córdoba, Córdoba, Argentina","-31,3348062","-64,2086534","E53, Córdoba, Argentina",Partial Match,Google
IPEM N° 73 MARGARITA WEILD,REP DE CHILE ESQ GRAL CABRERA 796,8,3413,3420,2762,3-28,Colón,CALERA,3,28,,,La Calera,"REP DE CHILE ESQ GRAL CABRERA 796, La Calera, Córdoba, Argentina","-31,3411706","-64,3387713","Gral. Cabrera, La Calera, Córdoba, Argentina",Partial Match,Google
MARGARITA V LUDUEÑA DE LAZO,SARMIENTO  LAS MALVINAS 571,7,6366,6372,2391,14-211,Río Primero,MONTE CRISTO,14,211,,,MONTE CRISTO,"SARMIENTO  LAS MALVINAS 571, MONTE CRISTO, Córdoba, Argentina","-31,343339","-63,9460372","Monte Cristo, Cordoba, Argentina",Partial Match,Google
PTE DOMINGO F SARMIENTO,CORDOBA (PARALEA A JUAN B JUSTO) 1050,15,3593,3607,5207,3-33,Colón,JESUS MARIA,3,33,,,JESUS MARIA,"CORDOBA (PARALEA A JUAN B JUSTO) 1050, JESUS MARIA, Córdoba, Argentina","-31,3451731","-64,1766867","Av. Juan B. Justo 6500, X5019 Córdoba, Argentina",Partial Match,Google
CENTRO EDUCATIVO GRAL SAN MART,JUAN RAMON GIMENEZ ESQ SUCRE,9,3479,3487,3091,3-28A,Colón,CALERA CENTRAL,3,28A,,,La Calera,"JUAN RAMON GIMENEZ ESQ SUCRE, La Calera, Córdoba, Argentina","-31,3542618","-64,33877","Calle Antonio De Sucre & Calle Juan Ramón Gimenez, La Calera, Córdoba, Argentina",Partial Match,Google
ESC  RICARDO ROJAS,ALFONCINA STORNI  ESQ ZORRILLA SM 820,14,2622,2635,4826,1-13G,Capital,PARQUE LICEO,1,13G,,,Córdoba,"ALFONCINA STORNI  ESQ ZORRILLA SM 820, Córdoba, Córdoba, Argentina","-31,3550687","-64,1632139","Alfonsina Storni, Córdoba, Argentina",Partial Match,Google
ESC. PRIMARIA EVA DUARTE,BARTOLOME HIDALGO ESQ AMEGHINO 1050,8,2668,2675,2750,1-13G,Capital,PARQUE LICEO,1,13G,,,Córdoba,"BARTOLOME HIDALGO ESQ AMEGHINO 1050, Córdoba, Córdoba, Argentina","-31,3591488","-64,1601861","Bartolomé Hidalgo & Florentino Ameghino, Córdoba, Argentina",Partial Match,Google
ESCUELA N°395(MANUEL LUCERO),CALLE PUBLICA S/N,1,4172,4172,43,4-53B,Cruz del Eje,EL ABRA,4,53B,,,EL ABRA,"CALLE PUBLICA S/N, EL ABRA, Córdoba, Argentina","-31,3643796","-64,1627747","Calle Publica S/N, Córdoba, Argentina",Partial Match,Google
NSC.OSCAR RAUL MALVASIO,PUBLICA S/N MANZANA 49,9,313,321,2846,1-4F,Capital,CIUDAD OBISPO ANGELELLI,1,4F,,,Córdoba,"PUBLICA S/N MANZANA 49, Córdoba, Córdoba, Argentina","-31,3718005","-64,2645466","S/N, Manzana 49, Córdoba, Argentina",Partial Match,Google
ESC JUSTO PAEZ MOLINA,J MONTAÑO 1350,12,2789,2800,4132,1-13J,Capital,VILLA AZALAIS,1,13J,,,Córdoba,"J MONTAÑO 1350, Córdoba, Córdoba, Argentina","-31,3734574","-64,241395","Luis Montaño 1350, Córdoba, Argentina",Partial Match,Google
ESCUELA NOGAL HISTORICO,JOSE ACCASTELLI 252,15,4025,4039,5236,3-41A,Colón,SALDAN,3,41A,,,SALDAN,"JOSE ACCASTELLI 252, SALDAN, Córdoba, Argentina","-31,3818792","-64,2107762","Juan José Castelli, Córdoba, Argentina",Partial Match,Google
DR JOSE RAMON IBAÑEZ,CAPDEVILLA KM 9 1/2,7,2836,2842,2333,1-13K,Capital,VILLA ESQUIU,1,13K,,,Córdoba,"CAPDEVILLA KM 9 1/2, Córdoba, Córdoba, Argentina","-31,3856238","-64,2064994","KM 9, Córdoba 1, Córdoba, Argentina",Partial Match,Google
ESC CORONEL PRINGLES,GUILLERMO CID S/N,8,6730,6737,2452,16-244,Río Segundo,SANTIAGO TEMPLE,16,244,,,SANTIAGO TEMPLE,"GUILLERMO CID S/N, SANTIAGO TEMPLE, Córdoba, Argentina","-31,3877604","-63,4183109","Santiago Temple, Cordoba, Argentina",Partial Match,Google
ESC MODELO RACING,ANTONIO YUDICELLO EX TREDENTINA 2160,9,2599,2607,3046,1-13F,Capital,NUEVA ITALIA,1,13F,,,Córdoba,"ANTONIO YUDICELLO EX TREDENTINA 2160, Córdoba, Córdoba, Argentina","-31,3886132","-64,1433804","Tridentina 2160, Córdoba, Argentina",Partial Match,Google
INSTITUTO SAN JOSE,9 DE JULIO Y COLON,5,8624,8628,1733,26-396,Unión,POSSE,26,396,,,POSSE,"9 DE JULIO Y COLON, POSSE, Córdoba, Argentina","-31,396118","-64,2432435","Avenida Colón & 9 de Julio, Córdoba, Argentina",Partial Match,Google
ESC CARLOS J FLORIT,ALMIRANTE BROWN 83,10,7259,7268,3285,20-285,San Justo,DEVOTO,20,285,,,DEVOTO,"ALMIRANTE BROWN 83, DEVOTO, Córdoba, Argentina","-31,4016153","-62,3061831","Devoto, Córdoba, Argentina",Partial Match,Google
ESC TRANSITO CACERES DE ALLEND,C/CHACRA DE LA MERCED KM 9 Y 1/2,7,636,642,2286,1-6E,Capital,LA FLORESTA SUD,1,6E,,,Córdoba,"C/CHACRA DE LA MERCED KM 9 Y 1/2, Córdoba, Córdoba, Argentina","-31,4030535","-64,0966803","Camino Chacra de la Merced, Córdoba, Argentina",Partial Match,Google
ESC HENOCH D AGUIAR,J DE OLMEDO 650,10,2498,2507,3477,1-13A,Capital,AYACUCHO,1,13A,,,Córdoba,"J DE OLMEDO 650, Córdoba, Córdoba, Argentina","-31,404205","-64,1971807","Cnel. Agustín Olmedo 650, Córdoba, Argentina",Partial Match,Google
ESC GRAL JUSTO S ANAYA,AZOPARDO  FENIX 1270,14,6025,6038,4867,13-186,Río Cuarto,PUEBLO ALBERDI,13,186,,,PUEBLO ALBERDI,"AZOPARDO  FENIX 1270, PUEBLO ALBERDI, Córdoba, Argentina","-31,4069401","-64,2175079","Padre Lozano 110, Alberdi, X5002JAD Córdoba, Argentina",Partial Match,Google
ESC MARIANO MORENO,SANTA ROSA ESQ SANTA FE 1299,13,113,125,4466,1-3,Capital,SECCIONAL TERCERA,1,3,,,Córdoba,"SANTA ROSA ESQ SANTA FE 1299, Córdoba, Córdoba, Argentina","-31,4073917","-64,2003448","Sta Rosa & Sta Fe, Córdoba, Argentina",Partial Match,Google
ESC.PROV. J.J. PASO,MARIANO MORENO        S/N,1,4218,4218,316,5-58,General Roca,BRUZONE,5,58,,,BRUZONE,"MARIANO MORENO        S/N, BRUZONE, Córdoba, Argentina","-31,40753","-64,196456","La Rioja 1019, X5000EVU Córdoba, Argentina",Partial Match,Google
COL MADRE PAULA MONTAL,HUMBTO PRIMO Y FALUCHO,7,2088,2094,2382,1-11K,Capital,VILLA GRAL URQUIZA,1,11K,,,Córdoba,"HUMBTO PRIMO Y FALUCHO, Córdoba, Córdoba, Argentina","-31,4081449","-64,1885409","Humberto 1°, Córdoba, Argentina",Partial Match,Google
JARDIN LA RECONQUISTA,RIVADAVIA,2,3816,3817,693,3-38,Colón,SALSIPUEDES,3,38,,,SALSIPUEDES,"RIVADAVIA, SALSIPUEDES, Córdoba, Argentina","-31,40841","-64,1792903","Rivadavia, Córdoba, Argentina",Partial Match,Google
ESC SUP DE COMERCIO H VIEYTES,CASEROS Y VIEYTES 185,10,1685,1694,3439,1-11A,Capital,ALTO ALBERDI,1,11A,,,Córdoba,"CASEROS Y VIEYTES 185, Córdoba, Córdoba, Argentina","-31,4092441","-64,2132214","Hipólito Vieytes & Caseros, Córdoba, Argentina",Partial Match,Google
ESC R GÜIRALDES,24 DE SETIEMBRE 2400,12,643,654,4023,1-6F,Capital,YAPEYU,1,6F,,,Córdoba,"24 DE SETIEMBRE 2400, Córdoba, Córdoba, Argentina","-31,4101876","-64,1522517","Av. 24 de Septiembre 2400, X5004FUJ Córdoba, Argentina",Partial Match,Google
ESC.EL GRAN CAPITAN,SARMIENTO 25,9,4735,4743,2941,8-102,Juárez Celman,ALEJANDRO,8,102,,,ALEJANDRO,"SARMIENTO 25, ALEJANDRO, Córdoba, Argentina","-31,41031","-64,18082","Sarmiento 25, Córdoba, Argentina",Partial Match,Google
ESC PEREZ BULNES,J DE BARRIENTOS ESQ FORMOSA,11,1918,1928,3821,1-11G,Capital,PARQUE REPUBLICA,1,11G,,,Córdoba,"J DE BARRIENTOS ESQ FORMOSA, Córdoba, Córdoba, Argentina","-31,4105299","-64,2516948","Barrientos & Formosa, Córdoba, Argentina",Partial Match,Google
IPEM 63 R DE ITALIA EX IPET 17,SARMIENTO 84,9,7974,7982,2784,22-335,Sobremonte,CHAÑAR,22,335,,,CHAÑAR,"SARMIENTO 84, CHAÑAR, Córdoba, Argentina","-31,4107","-64,1807432","Sarmiento 84, Córdoba, Argentina",Partial Match,Google
ESC ELADIO DIEZ,ALVEAR ESQ SARMIENTO,8,3405,3412,2758,3-28,Colón,CALERA,3,28,,,La Calera,"ALVEAR ESQ SARMIENTO, La Calera, Córdoba, Argentina","-31,4109841","-64,1789135","General Alvear & Sarmiento, Córdoba, Argentina",Partial Match,Google
ESC FRAY MARCOS DONATTI,9 DE JULIO 626,9,5964,5972,3080,13-184,Río Cuarto,MOLDES,13,184,,,MOLDES,"9 DE JULIO 626, MOLDES, Córdoba, Argentina","-31,4121781","-64,192069","9 de Julio 626, X5000EMN Córdoba, Argentina",Partial Match,Google
ESC MARTIN DE GÜEMES,OBPO CASTELLANOS 256,9,442,450,3052,1-5D,Capital,MALDONADO,1,5D,,,Córdoba,"OBPO CASTELLANOS 256, Córdoba, Córdoba, Argentina","-31,4128938","-64,139012","Obispo Castellano 256, X5006JHF Córdoba, Argentina",Partial Match,Google
COLEGIO JUAN XXIII,BRIGADIER SAN MARTIN 231,7,7914,7920,2299,21-326A,Santa María,YOCSINA,21,326A,,,YOCSINA,"BRIGADIER SAN MARTIN 231, YOCSINA, Córdoba, Argentina","-31,4133966","-64,1830491","San Martín 231, X5022 Córdoba, Argentina",Partial Match,Google
IPET N°10 COM MARTIN RIVADAVIA,25 DE MAYO ESQ ROMA 1500,10,605,614,3435,1-6C,Capital,GRAL PAZ,1,6C,,,Córdoba,"25 DE MAYO ESQ ROMA 1500, Córdoba, Córdoba, Argentina","-31,4141441","-64,1631704","25 de Mayo & Roma, Córdoba, Argentina",Partial Match,Google
IPEM N°287-L LUGONES,RIVADAVIA 91,7,7336,7342,2374,20-296,San Justo,LASPIUR,20,296,,,LASPIUR,"RIVADAVIA 91, LASPIUR, Córdoba, Argentina","-31,4154456","-64,1825071","Rivadavia 91, X5021KEA Córdoba, Argentina",Partial Match,Google
ESC.PROV.J.M.PAZ,25 DE MAYO 1183,8,4764,4771,2725,8-106,Juárez Celman,CABRERA,8,106,,,CABRERA,"25 DE MAYO 1183, CABRERA, Córdoba, Argentina","-31,4200833","-64,1887761","Córdoba, Cordoba, Argentina",Partial Match,Google
ESC.PROV.M.MORENO,RUTA PROVINCIAL 92 CAMINO S M SIERRA,1,4157,4157,93,4-49,Cruz del Eje,LOS SAUCES,4,49,,,LOS SAUCES,"RUTA PROVINCIAL 92 CAMINO S M SIERRA, LOS SAUCES, Córdoba, Argentina","-31,4200833","-64,1887761","Córdoba, Cordoba, Argentina",Partial Match,Google
ESC.PROV. FRAY M.ESQUIU,PUBLICA,1,3845,3845,56,3-39,Colón,SANTA TERESA,3,39,,,SANTA TERESA,"PUBLICA, SANTA TERESA, Córdoba, Argentina","-31,4200833","-64,1887761","Córdoba, Cordoba, Argentina",Partial Match,Google
ESC. PROV. L. LUGONES,PUBLICA,1,3263,3263,161,2-18A,Calamuchita,LUTTI,2,18A,,,LUTTI,"PUBLICA, LUTTI, Córdoba, Argentina","-31,4200833","-64,1887761","Córdoba, Cordoba, Argentina",Partial Match,Google
ESC MUNIC LUZ VIEYRA MENDEZ,ABEL N DE CHAVEZ,11,1970,1980,3811,1-11I,Capital,RESIDENCIAL SAN ROQUE,1,11I,,,Córdoba,"ABEL N DE CHAVEZ, Córdoba, Córdoba, Argentina","-31,4200833","-64,1887761","Córdoba, Cordoba, Argentina",Partial Match,Google
ESC JUAN ZORRILA DE SAN MARTIN,JOSE E BUSTOS 1875,10,2993,3002,3379,1-14D,Capital,CERRO DE LAS ROSAS,1,14D,,,Córdoba,"JOSE E BUSTOS 1875, Córdoba, Córdoba, Argentina","-31,4200833","-64,1887761","Córdoba, Cordoba, Argentina",Partial Match,Google
ESC NACIONES UNIDAS,CORTADA 8 S/N,9,841,849,3025,1-7F,Capital,JORGE NEWBERY,1,7F,,,Córdoba,"CORTADA 8 S/N, Córdoba, Córdoba, Argentina","-31,4200833","-64,1887761","Córdoba, Cordoba, Argentina",Partial Match,Google
ESC LIBERTADOR GRAL S MARTIN,SGO MORALES 4400,9,2329,2337,3016,1-12E,Capital,FERREYRA,1,12E,,,Córdoba,"SGO MORALES 4400, Córdoba, Córdoba, Argentina","-31,4200833","-64,1887761","Córdoba, Cordoba, Argentina",Partial Match,Google
ESC COM R ECHEGOYEN,J I DIAZ 200,8,202,209,2767,1-4A,Capital,PUEBLO LAS FLORES,1,4A,,,Córdoba,"J I DIAZ 200, Córdoba, Córdoba, Argentina","-31,4200833","-64,1887761","Córdoba, Cordoba, Argentina",Partial Match,Google
ESC J DE SAN MARTIN,CERRITO Y GALAN 660,7,1154,1160,2393,1-9F,Capital,SAN MARTIN,1,9F,,,Córdoba,"CERRITO Y GALAN 660, Córdoba, Córdoba, Argentina","-31,4200833","-64,1887761","Córdoba, Cordoba, Argentina",Partial Match,Google
IPEM 184-M.FRAGUEIRO,"OB.CASTELLANO, 945",9,460,468,3056,1-5D,Capital,MALDONADO,1,5D,,,Córdoba,"OB.CASTELLANO, 945, Córdoba, Córdoba, Argentina","-31,4202241","-64,1399946","Obispo Castellano 945, X5006JHS Córdoba, Argentina",Partial Match,Google
ESC ISLA DE LOS ESTADOS,LOS CEIBOS S/N B°LA QUINTA,10,5458,5467,3480,12-156,Punilla,VILLA CARLOS PAZ,12,156,,,VILLA CARLOS PAZ,"LOS CEIBOS S/N B°LA QUINTA, VILLA CARLOS PAZ, Córdoba, Argentina","-31,4217232","-64,5124379","Estancia La Quinta Park, Los Zorzales 241, La quinta, X5154CZC Villa Carlos Paz, Córdoba, Argentina",Partial Match,Google
IPEM 321 BRIG JUAN M DE ROSAS,CAMILOTTI ESQ SANTIBAÑEZ 4300,7,2009,2015,2417,1-11I,Capital,RESIDENCIAL SAN ROQUE,1,11I,,,Córdoba,"CAMILOTTI ESQ SANTIBAÑEZ 4300, Córdoba, Córdoba, Argentina","-31,4232263","-64,2438592","Aviador Camilotti & Mariano Santibañez, Córdoba, Argentina",Partial Match,Google
ESC PRIMARIA MI GRANJA,JESUS IGLECIAS S/N,4,3753,3756,1092,3-35A,Colón,MI GRANJA,3,35A,,,MI GRANJA,"JESUS IGLECIAS S/N, MI GRANJA, Córdoba, Argentina","-31,4244928","-64,1858117","Buenos Aires 600-699, Córdoba, Argentina",Partial Match,Google
ESC RUBEN DARIO,LA CORUÑA Y MONSERRAT 1416,13,2167,2179,4490,1-12B,Capital,COLON,1,12B,,,Córdoba,"LA CORUÑA Y MONSERRAT 1416, Córdoba, Córdoba, Argentina","-31,4314363","-64,1679196","Montserrat 1416, Córdoba, Argentina",Partial Match,Google
ESC JUAN BAUTISTA AZOPARDO,SARMIENTO 59,7,5628,5634,2375,12-157,Punilla,SANTA MARIA,12,157,,,SANTA MARIA,"SARMIENTO 59, SANTA MARIA, Córdoba, Argentina","-31,4336091","-64,1995091","Sta María, Córdoba, Argentina",Partial Match,Google
ESCUELA 2 DE ABRIL,FALUCHO Y PEATONAL LARREA N S/N,9,7529,7537,3099,20-310,San Justo,SAN FRANCISCO SECC. SUR,20,310,,,San Francisco,"FALUCHO Y PEATONAL LARREA N S/N, San Francisco, Córdoba, Argentina","-31,4348973","-62,1022792","Falucho, San Francisco, Córdoba, Argentina",Partial Match,Google
ESC NICOLAS AVELLANEDA,MITRE 74,7,5981,5987,2405,13-184,Río Cuarto,MOLDES,13,184,,,MOLDES,"MITRE 74, MOLDES, Córdoba, Argentina","-31,4354727","-64,2009018","Cordoba, Argentina",Partial Match,Google
ESC.PROV. ISLAS MALVINAS,RUTA PROV N 158,1,4354,4354,59,6-81,General San Martín,MOJARRAS,6,81,,,MOJARRAS,"RUTA PROV N 158, MOJARRAS, Córdoba, Argentina","-31,4354727","-64,2009018","Cordoba, Argentina",Partial Match,Google
FAC DE CIENCIAS ECONOMICAS,AV VALPARAISO CDAD UNIVERSITARIA,10,169,178,3464,1-4,Capital,NUEVA CORDOBA,1,4,,,Córdoba,"AV VALPARAISO CDAD UNIVERSITARIA, Córdoba, Córdoba, Argentina","-31,4404129","-64,1864771","Av. Valparaíso Universidad Nacional de Córdoba Ciudad Universitaria, X5000 HRA, Córdoba, Argentina",Partial Match,Google
I.P.E.M.67-L.PIEDRABUENA,PADRE CARLOS MORELLA 904,9,7905,7913,3020,21-326,Santa María,MALAGUEÑO,21,326,,,MALAGUEÑO,"PADRE CARLOS MORELLA 904, MALAGUEÑO, Córdoba, Argentina","-31,4423497","-64,182576","Malagueño 904, Córdoba, Argentina",Partial Match,Google
ESC MARTA JUANA GONZALEZ,DEFENSA Y CACHEUTA 1091,10,1591,1600,3490,1-10L,Capital,VILLA EL LIBERTADOR,1,10L,,,Córdoba,"DEFENSA Y CACHEUTA 1091, Córdoba, Córdoba, Argentina","-31,4457388","-64,2113195","Cacheuta 1091, Córdoba, Argentina",Partial Match,Google
ESC.PROV.J.M.PAZ,CALLE PUBLICA S/N CAMINO A TOSNO,1,4168,4168,68,4-51A,Cruz del Eje,SANTA ANA,4,51A,,,SANTA ANA,"CALLE PUBLICA S/N CAMINO A TOSNO, SANTA ANA, Córdoba, Argentina","-31,4459772","-64,161353","Tosno, Córdoba, Argentina",Partial Match,Google
I.P.E.A. N° 306 DR A SABATTINI,TUPAC AMARU,4,4164,4167,1071,4-51,Cruz del Eje,PASO VIEJO,4,51,,,PASO VIEJO,"TUPAC AMARU, PASO VIEJO, Córdoba, Argentina","-31,4478142","-64,1725482","Tupac Amarú, Córdoba, Argentina",Partial Match,Google
ESC MUNIC DR ARTURO H ILLIA,CHIRINO DE POSADAS ESQ.MAGUNA 2755,8,2278,2285,2756,1-12D,Capital,JOSE IGNACIO DIAZ,1,12D,,,Córdoba,"CHIRINO DE POSADAS ESQ.MAGUNA 2755, Córdoba, Córdoba, Argentina","-31,4498729","-64,1364764","Chirinos de Posadas, Córdoba, Argentina",Partial Match,Google
IPEM N°95 M SANCHEZ DE THOMPSO,MANCO CAPAC 50,14,5823,5836,4867,13-165,Río Cuarto,BANDA NORTE,13,165,,,BANDA NORTE,"MANCO CAPAC 50, BANDA NORTE, Córdoba, Argentina","-31,4499296","-64,1696004","Manco Cápac, Córdoba, Argentina",Partial Match,Google
COL HIJAS DE MARIA INMACULADA,MADRE BRIGIDA PASTORINO 2733,15,2688,2702,5131,1-13H,Capital,PATRICIOS,1,13H,,,Córdoba,"MADRE BRIGIDA PASTORINO 2733, Córdoba, Córdoba, Argentina","-31,4568152","-64,1889697","Boungarthen 729, Córdoba, Argentina",Partial Match,Google
ESC.PROV. M.MORENO,DORREGO  OBRAS SANITARIAS 326,10,4687,4696,3448,7-95,Ischilín,DEAN FUNES,7,95,,,DEAN FUNES,"DORREGO  OBRAS SANITARIAS 326, DEAN FUNES, Córdoba, Argentina","-31,4602009","-64,1639089","Camino Bo Obras Sanitarias, Córdoba, Argentina",Partial Match,Google
ESC MUNIC OSCAR SOTO LOPEZ,LOS CALDENES ESQ LOS ALGARROBOS 5320,7,2143,2149,2378,1-12,Capital,AVELLANEDA,1,12,,,Córdoba,"LOS CALDENES ESQ LOS ALGARROBOS 5320, Córdoba, Córdoba, Argentina","-31,4616302","-64,0981759","Los Algarrobos & Los Caldenes, Córdoba, Argentina",Partial Match,Google
ESC.SABIN,"DDE.CMO.S.ANTONIO KM 7 1/2,1KM.AL O.",8,305,312,2771,1-4E,Capital,NUESTRO HOGAR III,1,4E,,,Córdoba,"DDE.CMO.S.ANTONIO KM 7 1/2,1KM.AL O., Córdoba, Córdoba, Argentina","-31,4626275","-64,1630965","Jorge Horacio Córdoba, Córdoba, Argentina",Partial Match,Google
ESCUELA FRAY GUILLERMO BUTLER,PUBLICA S/N,1,4716,4716,63,7-98,Ischilín,JAIME PETER,7,98,,,JAIME PETER,"PUBLICA S/N, JAIME PETER, Córdoba, Argentina","-31,4632889","-64,2643069","Pública A Sur, Córdoba, Argentina",Partial Match,Google
ESC PROV GRAL SAN MARTIN,PUBLICA S/N,3,4149,4151,843,4-46,Cruz del Eje,GUANACO MUERTO,4,46,,,GUANACO MUERTO,"PUBLICA S/N, GUANACO MUERTO, Córdoba, Argentina","-31,4632889","-64,2643069","Pública A Sur, Córdoba, Argentina",Partial Match,Google
ESC.PROV.DEAN G.FUNES,CALLE PUBLICA S/N,1,4190,4190,191,4-55A,Cruz del Eje,LA BATEA,4,55A,,,LA BATEA,"CALLE PUBLICA S/N, LA BATEA, Córdoba, Argentina","-31,4632889","-64,2643069","Pública A Sur, Córdoba, Argentina",Partial Match,Google
ESC.GRAL FRANCISO O DE OCAMPO,CALLE PUBLICA S/N LA RINCONADA,1,4063,4063,178,4-43A,Cruz del Eje,LAS CAÑADAS,4,43A,,,LAS CAÑADAS,"CALLE PUBLICA S/N LA RINCONADA, LAS CAÑADAS, Córdoba, Argentina","-31,4632889","-64,2643069","Pública A Sur, Córdoba, Argentina",Partial Match,Google
ESC. R.S. DE CALDELARI,CALLE PUBLICA S/N,1,4171,4171,57,4-53A,Cruz del Eje,LOS LEONES,4,53A,,,LOS LEONES,"CALLE PUBLICA S/N, LOS LEONES, Córdoba, Argentina","-31,4632889","-64,2643069","Pública A Sur, Córdoba, Argentina",Partial Match,Google
ESC PROV. M.BELGRANO,PUBLICA S/N,1,3232,3232,174,2-16,Calamuchita,ATHOS PAMPA,2,16,,,ATHOS PAMPA,"PUBLICA S/N, ATHOS PAMPA, Córdoba, Argentina","-31,4632889","-64,2643069","Pública A Sur, Córdoba, Argentina",Partial Match,Google
ESC. MARIA EVA DUARTE,CALLE PUBLICA S/N (CNO 60 CUAD KM3),9,2315,2323,3105,1-12D,Capital,JOSE IGNACIO DIAZ,1,12D,,,Córdoba,"CALLE PUBLICA S/N (CNO 60 CUAD KM3), Córdoba, Córdoba, Argentina","-31,4632889","-64,2643069","Pública A Sur, Córdoba, Argentina",Partial Match,Google
ESCUELA HEROES DE MALVINAS,C/PUBLICA S/N (CNO VILLA POSSE),8,546,553,2727,1-5I,Capital,COLINAS DEL SUR,1,5I,,,Córdoba,"C/PUBLICA S/N (CNO VILLA POSSE), Córdoba, Córdoba, Argentina","-31,4632889","-64,2643069","Pública A Sur, Córdoba, Argentina",Partial Match,Google
ESC EJERCITO ARGENTINO,STEPHENSON Y FULTON 6900,15,2404,2418,5186,1-12G,Capital,ITUZAINGO,1,12G,,,Córdoba,"STEPHENSON Y FULTON 6900, Córdoba, Córdoba, Argentina","-31,4662451","-64,0888421","Stephenson & Fulton, Córdoba, Argentina",Partial Match,Google
ESC.PROF.M.LUCIANI,11 DE SEPTIEMBRE ESQ. CALLE 2 4451,9,2150,2158,3062,1-12A,Capital,CARCANO,1,12A,,,Córdoba,"11 DE SEPTIEMBRE ESQ. CALLE 2 4451, Córdoba, Córdoba, Argentina","-31,4673444","-64,1479626","11 de Septiembre, Córdoba, Argentina",Partial Match,Google
ESC MUNIC ALICIA MOREAU DE JUS,PILCOMAYO Y DEFENSA ESQ C IBARRA,8,1601,1608,2788,1-10L,Capital,VILLA EL LIBERTADOR,1,10L,,,Córdoba,"PILCOMAYO Y DEFENSA ESQ C IBARRA, Córdoba, Córdoba, Argentina","-31,472227","-64,2179526","Carmelo Ibarra, Córdoba, Argentina",Partial Match,Google
ESCUELA DON ORIONE,J.B.COTTOLENGO 1955,12,1535,1546,4160,1-10J,Capital,SANTA ISABEL,1,10J,,,Córdoba,"J.B.COTTOLENGO 1955, Córdoba, Córdoba, Argentina","-31,4746763","-64,2363667","José Benito Cottolengo 1955, Córdoba, Argentina",Partial Match,Google
ESC.MA.DEL TRANSITO CABANILLAS,PASCUAL RUIZ HUIDOBRO ESQ SAN ANDRES 5527,8,2159,2166,2724,1-12A,Capital,CARCANO,1,12A,,,Córdoba,"PASCUAL RUIZ HUIDOBRO ESQ SAN ANDRES 5527, Córdoba, Córdoba, Argentina","-31,4755289","-64,1430924","Pascual Ruiz Huidobro & San Andrés, Córdoba, Argentina",Partial Match,Google
ESC BENITO SORIA,BARBADOS Y HAITI 3200,12,1560,1571,3963,1-10K,Capital,VICOR,1,10K,,,Córdoba,"BARBADOS Y HAITI 3200, Córdoba, Córdoba, Argentina","-31,4797861","-64,2481181","Calle Haití & Barbados, Córdoba, Argentina",Partial Match,Google
ESC JUAN JOSE PASO,RUTA PROV. 14-KM.43 CENTRO,7,5603,5609,2438,12-156D,Punilla,SAN ANTONIO DE ARREDONDO,12,156D,,,SAN ANTONIO DE ARREDONDO,"RUTA PROV. 14-KM.43 CENTRO, SAN ANTONIO DE ARREDONDO, Córdoba, Argentina","-31,4945372","-64,5447808","San Antonio de Arredondo, Cordoba, Argentina",Partial Match,Google
ESC MARQUES DE SOBREMONTE,INDEPENDENCIA 485,12,6749,6760,4089,16-245,Río Segundo,VILLA DEL ROSARIO,16,245,,,VILLA DEL ROSARIO,"INDEPENDENCIA 485, VILLA DEL ROSARIO, Córdoba, Argentina","-31,5562575","-63,5356054","Villa del Rosario, Cordoba, Argentina",Partial Match,Google
IPET 334,AV RIVADARIA S/N,10,7843,7852,3156,21-316J,Santa María,VILLA PARQUE SANTA ANA,21,316J,,,VILLA PARQUE SANTA ANA,"AV RIVADARIA S/N, VILLA PARQUE SANTA ANA, Córdoba, Argentina","-31,5918372","-64,3492851","Avenida Rivadavia, Santa Ana, Córdoba, Argentina",Partial Match,Google
ESC.PIAS DE MENDIOLAZA,RUTA PROVINCIAL INTERMUNICIPAL E 57,12,3899,3910,4102,3-40A,Colón,MENDIOLAZA,3,40A,,,MENDIOLAZA,"RUTA PROVINCIAL INTERMUNICIPAL E 57, MENDIOLAZA, Córdoba, Argentina","-31,6069023","-64,5608745","RP S271, Córdoba, Argentina",Partial Match,Google
ESC PROVINCIA SANTA CRUZ,SANTA FE ESQ URUGUAY S/N,13,5804,5816,4530,13-165,Río Cuarto,BANDA NORTE,13,165,,,BANDA NORTE,"SANTA FE ESQ URUGUAY S/N, BANDA NORTE, Córdoba, Argentina","-31,6106578","-60,697294","Santa Fe, Santa Fe Province, Argentina",Partial Match,Google
ESC VICTOR MERCANTE,ANATOLE FRANCE 360,8,7688,7695,2782,21-316,Santa María,ALTA GRACIA,21,316,,,ALTA GRACIA,"ANATOLE FRANCE 360, ALTA GRACIA, Córdoba, Argentina","-31,6508082","-64,4374892","A. France 360, Alta Gracia, Córdoba, Argentina",Partial Match,Google
ESC REPUBLICA ITALIANA,MAESTRO JOSE GUTIERREZ (LALAHENES) 127,8,7738,7745,2782,21-316,Santa María,ALTA GRACIA,21,316,,,ALTA GRACIA,"MAESTRO JOSE GUTIERREZ (LALAHENES) 127, ALTA GRACIA, Córdoba, Argentina","-31,6571044","-64,4347411","Alta Gracia, Cordoba, Argentina",Partial Match,Google
IPEM N°108-C G DE REZZANO,LEANDRO N ALEN Y MISIONES,11,6684,6694,3810,16-243,Río Segundo,RIO SEGUNDO,16,243,,,RIO SEGUNDO,"LEANDRO N ALEN Y MISIONES, RIO SEGUNDO, Córdoba, Argentina","-31,6580601","-63,9033932","Pcia Misiónes & Blvd. Leandro N. Alem, Río Segundo, Córdoba, Argentina",Partial Match,Google
ESC.PROV.PCIA.DE LA RIOJA,RUTA PROVINCIAL A 175,3,4142,4144,741,4-44A,Cruz del Eje,LAS PLAYAS,4,44A,,,LAS PLAYAS,"RUTA PROVINCIAL A 175, LAS PLAYAS, Córdoba, Argentina","-31,6667137","-63,5271911","RP10, Córdoba, Argentina",Partial Match,Google
ESC PROV 25 DE MAYO,CONGRESO 235,8,7874,7881,2660,21-323,Santa María,DESPEÑADEROS,21,323,,,DESPEÑADEROS,"CONGRESO 235, DESPEÑADEROS, Córdoba, Argentina","-31,8148996","-64,2902636","Despeñaderos, Cordoba, Argentina",Partial Match,Google
ESC CNEL AGUSTIN A OLMEDO,LIBERTAD 270,9,6962,6970,2993,18-265A,San Alberto,VILLA SARMIENTO,18,265A,,,VILLA SARMIENTO,"LIBERTAD 270, VILLA SARMIENTO, Córdoba, Argentina","-31,9358863","-65,1915949","Villa Sarmiento, Córdoba, Argentina",Partial Match,Google
ESC.PROV. D.F.SARMIENTO,LIBERTAD 250,1,4298,4298,307,5-71,General Roca,VILLA SARMIENTO,5,71,,,VILLA SARMIENTO,"LIBERTAD 250, VILLA SARMIENTO, Córdoba, Argentina","-31,9358863","-65,1915949","Villa Sarmiento, Córdoba, Argentina",Partial Match,Google
ESC GENERAL SAN MARTIN,EDISON 130,14,7023,7036,4845,19-268,San Javier,DOLORES,19,268,,,DOLORES,"EDISON 130, DOLORES, Córdoba, Argentina","-31,9450289","-65,1902739","Villa Dolores, Cordoba, Argentina",Partial Match,Google
INST PBRO J V BRIZUELA,SARMIENTO 270,9,6998,7006,3128,19-268,San Javier,DOLORES,19,268,,,DOLORES,"SARMIENTO 270, DOLORES, Córdoba, Argentina","-31,9450289","-65,1902739","Villa Dolores, Cordoba, Argentina",Partial Match,Google
ESC DOLORES AGUIRRE DE FUNES,PEDRO C MOLINA S/N(B°TRADICION,8,7061,7068,2780,19-268,San Javier,DOLORES,19,268,,,DOLORES,"PEDRO C MOLINA S/N(B°TRADICION, DOLORES, Córdoba, Argentina","-31,9505695","-65,1955153","Pedro C. Molina, Córdoba, Argentina",Partial Match,Google
ESC GENERAL BARTOLOME MITRE,AV JUAN PERON      S/N,7,7121,7127,2389,19-275A,San Javier,LOS CERRILLOS,19,275A,,,LOS CERRILLOS,"AV JUAN PERON      S/N, LOS CERRILLOS, Córdoba, Argentina","-31,9721661","-65,4443618","Los Cerrillos, Córdoba, Argentina",Partial Match,Google
ESC. PROV.GRAL. SAN MARTIN,R SAENZ PEÑA 118,5,3341,3345,1595,2-25,Calamuchita,SAN AGUSTIN,2,25,,,SAN AGUSTIN,"R SAENZ PEÑA 118, SAN AGUSTIN, Córdoba, Argentina","-31,9777622","-64,3751707","San Agustín, Cordoba, Argentina",Partial Match,Google
ESC.M.G.PONCE,DUSSAN ALACEVICH 86,7,8014,8020,2284,23-337,Tercero Arriba,ASCASUBI,23,337,,,ASCASUBI,"DUSSAN ALACEVICH 86, ASCASUBI, Córdoba, Argentina","-32,1636618","-63,8896186","Dr. Alacevich, Villa Ascasubi, Córdoba, Argentina",Partial Match,Google
ESC PROV D VELEZ SARFIELD,AYLLU,1,3229,3229,268,2-15,Calamuchita,AMBOY,2,15,,,AMBOY,"AYLLU, AMBOY, Córdoba, Argentina","-32,1751765","-64,573383","Amboy, Cordoba, Argentina",Partial Match,Google
ESC GREGORIA I PEREZ,ANGELINA ORTIZ ESQ INDEPENDENCIA S/N,10,8208,8217,3457,23-348,Tercero Arriba,RIO TERCERO,23,348,,,RIO TERCERO,"ANGELINA ORTIZ ESQ INDEPENDENCIA S/N, RIO TERCERO, Córdoba, Argentina","-32,1766541","-64,1130995","Río Tercero, Cordoba, Argentina",Partial Match,Google
ESC PROV MODESTO ACUÑA,AMINTA R DE HERRERA 455,12,8132,8143,4153,23-348,Tercero Arriba,RIO TERCERO,23,348,,,RIO TERCERO,"AMINTA R DE HERRERA 455, RIO TERCERO, Córdoba, Argentina","-32,1774221","-64,1129345","A. Herrera, Río Tercero, Córdoba, Argentina",Partial Match,Google
ESC PROV PRIMERA JUNTA,AMADEO SABATTINI 143,8,3322,3329,2785,2-24,Calamuchita,RUMIPAL,2,24,,,RUMIPAL,"AMADEO SABATTINI 143, RUMIPAL, Córdoba, Argentina","-32,1885513","-64,4739294","Amadeo Sabatini, Villa Rumipal, Córdoba, Argentina",Partial Match,Google
IPEA Y T 347,J LUIS DE CABRERA ESQ ACONCAGUA,12,3236,3247,4083,2-17,Calamuchita,EMBALSE,2,17,,,EMBALSE,"J LUIS DE CABRERA ESQ ACONCAGUA, EMBALSE, Córdoba, Argentina","-32,2190231","-64,3919373","Jerónimo Luis de Cabrera & Aconcagua, Embalse, Córdoba, Argentina",Partial Match,Google
ESC GRAL JOSE DE SAN MARTIN,SARMIENTO 1076,8,8263,8270,2611,23-349,Tercero Arriba,TANCACHA,23,349,,,TANCACHA,"SARMIENTO 1076, TANCACHA, Córdoba, Argentina","-32,2433281","-63,9817173","Tancacha, Córdoba, Argentina",Partial Match,Google
ESC.PROV.M.GUEMES,ANTONIO CONRERO 24,2,4362,4363,667,6-86,General San Martín,SILVIO PELLICO,6,86,,,SILVIO PELLICO,"ANTONIO CONRERO 24, SILVIO PELLICO, Córdoba, Argentina","-32,2510902","-62,9316247","Silvio Pellico, Córdoba, Argentina",Partial Match,Google
ESCUELA LEANDRO N ALEM,ANDREA ACOSTA 486,8,8585,8592,2591,26-393,Unión,NOETINGER,26,393,,,NOETINGER,"ANDREA ACOSTA 486, NOETINGER, Córdoba, Argentina","-32,3637963","-62,3123776","Noetinger, Cordoba, Argentina",Partial Match,Google
ESC.PROV. A.ALSINA,FRANCISCO CESAR,1,3265,3265,91,2-18C,Calamuchita,VILLA CAÑADA DEL SAUCE,2,18C,,,VILLA CAÑADA DEL SAUCE,"FRANCISCO CESAR, VILLA CAÑADA DEL SAUCE, Córdoba, Argentina","-32,3671188","-64,6422679","Cañada del Sauce, Cordoba, Argentina",Partial Match,Google
ESC.PROV.F.N.LAPRIDA,FACUNDO QUIROGA 564,8,8344,8351,2666,25-364,Tulumba,LA DORMIDA,25,364,,,LA DORMIDA,"FACUNDO QUIROGA 564, LA DORMIDA, Córdoba, Argentina","-32,3833313","-64,2666702","La Dormida, Córdoba, Argentina",Partial Match,Google
I.P.E.T. N° 2,J.MULLER 651,14,4514,4527,4854,6-89,General San Martín,VILLA MARIA,6,89,,,VILLA MARIA,"J.MULLER 651, VILLA MARIA, Córdoba, Argentina","-32,411182","-63,2585382","Muller 651, Villa María, Córdoba, Argentina",Partial Match,Google
INSTITUTO PARROQ.BERROTARAN,AQUINO ARGUELLO ARDILES 207,11,5847,5857,3649,13-166,Río Cuarto,BERROTARAN,13,166,,,BERROTARAN,"AQUINO ARGUELLO ARDILES 207, BERROTARAN, Córdoba, Argentina","-32,4520785","-64,3946623","Mons.Aquilino Argüello Ardiles 207, Berrotarán, Córdoba, Argentina",Partial Match,Google
ESCUELA N°9,EFRAIN TAGLE       S/N,5,8387,8391,1637,26-374,Unión,BALLESTEROS SUD,26,374,,,BALLESTEROS SUD,"EFRAIN TAGLE       S/N, BALLESTEROS SUD, Córdoba, Argentina","-32,5886779","-63,0256066","Ballesteros Sud, Córdoba, Argentina",Partial Match,Google
ESC NORMAL SUP DR M BELGRANO,R SAENZ PEÑA Y S DEL ESTERO,15,5073,5087,5221,9-133,Marcos Juárez,MARCOS JUAREZ,9,133,,,MARCOS JUAREZ,"R SAENZ PEÑA Y S DEL ESTERO, MARCOS JUAREZ, Córdoba, Argentina","-32,6938762","-62,0978415","Roque Sáenz Peña, Marcos Juárez, Córdoba, Argentina",Partial Match,Google
ESC CNEL DOMINGO GAY,SAN LUIS Y GENERAL PAZ S/N,7,8082,8088,2376,23-342,Tercero Arriba,LAS PERDICES,23,342,,,LAS PERDICES,"SAN LUIS Y GENERAL PAZ S/N, LAS PERDICES, Córdoba, Argentina","-32,6948299","-63,71146","San Luis, Las Perdices, Córdoba, Argentina",Partial Match,Google
ESC JOSE MARIA PAZ,GRAL ROCA 643,7,5725,5731,2406,13-162,Río Cuarto,ALCIRA,13,162,,,ALCIRA,"GRAL ROCA 643, ALCIRA, Córdoba, Argentina","-32,7286737","-61,9153795","General Roca, Cordoba, Argentina",Partial Match,Google
ESC.PROV.D.F.SARMIENTO,SARMIENTO 370,4,4357,4360,1260,6-83,General San Martín,PASCO,6,83,,,PASCO,"SARMIENTO 370, PASCO, Córdoba, Argentina","-32,7480797","-63,3402432","Pasco, Cordoba, Argentina",Partial Match,Google
ESC.FRAY PIO BENTIVOGLIO,MAIPU 962,7,4772,4778,2393,8-106,Juárez Celman,CABRERA,8,106,,,CABRERA,"MAIPU 962, CABRERA, Córdoba, Argentina","-32,8109998","-63,8707607","General Cabrera, Cordoba, Argentina",Partial Match,Google
ESCUELA AMADEO AUCHTER,CALLE 10 N°119,7,8593,8599,2397,26-394,Unión,ORDOÑEZ,26,394,,,ORDOÑEZ,"CALLE 10 N°119, ORDOÑEZ, Córdoba, Argentina","-32,8396869","-62,8651092","Ordonez, Cordoba, Argentina",Partial Match,Google
ESC. A. CAPDEVILA,MENDOZA 315,6,4364,4369,1998,6-87,General San Martín,TICINO,6,87,,,TICINO,"MENDOZA 315, TICINO, Córdoba, Argentina","-32,8894587","-68,8458386","Mendoza, Capital Department, Mendoza Province, Argentina",Partial Match,Google
ESC PROV M R DE LA TORRE,CALLE 16 582,3,4325,4327,1035,6-76,General San Martín,CHAZON,6,76,,,CHAZON,"CALLE 16 582, CHAZON, Córdoba, Argentina","-33,0788106","-63,2776564","Chazón, Cordoba, Argentina",Partial Match,Google
ESC JORGE ALEJANDRO NEWBERY,ESPAÑA 36,13,5911,5923,4498,13-179,Río Cuarto,LAS HIGUERAS,13,179,,,LAS HIGUERAS,"ESPAÑA 36, LAS HIGUERAS, Córdoba, Argentina","-33,0909119","-64,2855148","Las Higueras, Río Cuarto, Cordoba, Argentina",Partial Match,Google
ESC DR ADOLFO ALSINA,AVENIDA GARIBALDI 740,11,5763,5773,3834,13-165,Río Cuarto,BANDA NORTE,13,165,,,BANDA NORTE,"AVENIDA GARIBALDI 740, BANDA NORTE, Córdoba, Argentina","-33,097442","-64,3440499","Av. Gral. José Garibaldi 740, Río Cuarto, Córdoba, Argentina",Partial Match,Google
ANGELES CUSTODIOS/SAGRADA FLIA,ISABEL LA CATOLICA Y E JENNER S/N,12,5751,5762,4187,13-165,Río Cuarto,BANDA NORTE,13,165,,,BANDA NORTE,"ISABEL LA CATOLICA Y E JENNER S/N, BANDA NORTE, Córdoba, Argentina","-33,1027998","-64,346925","Isabel la Católica, Río Cuarto, Córdoba, Argentina",Partial Match,Google
ESC LEONILA DE LAS M LEMOS,MAIPU NORTE 535,8,5899,5906,2650,13-177,Río Cuarto,LAS ACEQUIAS,13,177,,,LAS ACEQUIAS,"MAIPU NORTE 535, LAS ACEQUIAS, Córdoba, Argentina","-33,1141888","-64,3559602","Maipú Norte, X5800 Río Cuarto, Córdoba, Argentina",Partial Match,Google
INST GALA ORTIZ FERNANDEZ,ESPAÑA 16,5,8600,8604,1729,26-395,Unión,PASCANAS,26,395,,,PASCANAS,"ESPAÑA 16, PASCANAS, Córdoba, Argentina","-33,1238885","-63,0420795","Pascanas, Cordoba, Argentina",Partial Match,Google
IPEM N°151 J URBIZU,BV JOSE M ALDAO 1160,7,4934,4940,2358,9-123,Marcos Juárez,CAMILO ALDAO,9,123,,,CAMILO ALDAO,"BV JOSE M ALDAO 1160, CAMILO ALDAO, Córdoba, Argentina","-33,1263187","-62,095867","Camilo Aldao, Cordoba, Argentina",Partial Match,Google
INST LANTERIANO LA MERCED,BELISARIO ROLDAN 275,11,6039,6049,3818,13-186,Río Cuarto,PUEBLO ALBERDI,13,186,,,PUEBLO ALBERDI,"BELISARIO ROLDAN 275, PUEBLO ALBERDI, Córdoba, Argentina","-33,133764","-64,334406","Belisario Roldán 275, X5808DRE Río Cuarto, Córdoba, Argentina",Partial Match,Google
IPEMN° 26 JUAN FILLOY,BELISARIO ROLDAN 535,10,6005,6014,3471,13-186,Río Cuarto,PUEBLO ALBERDI,13,186,,,PUEBLO ALBERDI,"BELISARIO ROLDAN 535, PUEBLO ALBERDI, Córdoba, Argentina","-33,1371021","-64,3354766","Belisario Roldán 535, X5808DRK Río Cuarto, Córdoba, Argentina",Partial Match,Google
ESC ARZOBISPO ANTONIO ESPINOSA,OLEGARIO ANDRADE 1020,14,6050,6063,4871,13-186,Río Cuarto,PUEBLO ALBERDI,13,186,,,PUEBLO ALBERDI,"OLEGARIO ANDRADE 1020, PUEBLO ALBERDI, Córdoba, Argentina","-33,1373378","-64,3271948","Olegario Andrade 1020, Río Cuarto, Córdoba, Argentina",Partial Match,Google
ESC DR R LUTI EX ELEOY GOMEZ,SAN LUIS S/N,5,3306,3310,1456,2-20B,Calamuchita,VI.CIUD.PQUE.LOS REARTES,2,20B,,,VI.CIUD.PQUE.LOS REARTES,"SAN LUIS S/N, VI.CIUD.PQUE.LOS REARTES, Córdoba, Argentina","-33,3017267","-66,3377522","San Luis, San Luis Province, Argentina",Partial Match,Google
ESC.FORTIN HEROICO,ACOSTA 673,12,4852,4863,4068,8-112,Juárez Celman,LA CARLOTA,8,112,,,LA CARLOTA,"ACOSTA 673, LA CARLOTA, Córdoba, Argentina","-33,4180372","-63,2970015","La Carlota, Cordoba, Argentina",Partial Match,Google
ESC GENERAL SAN MARTIN,SARMIENTO 98,8,5717,5724,2701,13-161,Río Cuarto,ADELIA MARIA,13,161,,,ADELIA MARIA,"SARMIENTO 98, ADELIA MARIA, Córdoba, Argentina","-33,6307493","-64,0211028","Adelia María, Cordoba, Argentina",Partial Match,Google
ESC PROV VICENTE AGUERO,LOTE XVII S/N,1,3678,3678,267,3-33A,Colón,COLONIA VICENTE AGÜERO,3,33A,,,COLONIA VICENTE AGÜERO,"LOTE XVII S/N, COLONIA VICENTE AGÜERO, Córdoba, Argentina","-34,2642474","-57,6106775","Colonia Department, Uruguay",Partial Match,Google
ESC.PROV.B.RIVADAVIA,AVDA. MALVINAS ARGENTINAS     S/N,8,4182,4189,2644,4-55,Cruz del Eje,SERREZUELA,4,55,,,SERREZUELA,"AVDA. MALVINAS ARGENTINAS     S/N, SERREZUELA, Córdoba, Argentina","-34,479665","-58,7030326","Malvinas Argentinas Partido, Buenos Aires Province, Argentina",Partial Match,Google
ESC NICOLAS AVELLANEDA,VICENTE LOPEZ 538,13,5992,6004,4511,13-186,Río Cuarto,PUEBLO ALBERDI,13,186,,,PUEBLO ALBERDI,"VICENTE LOPEZ 538, PUEBLO ALBERDI, Córdoba, Argentina","-34,5281205","-58,473816","Vicente López, Buenos Aires Province, Argentina",Partial Match,Google
ESC.N.AVELLANEDA,BS.AS.E INT.MACIEL 2314,14,4444,4457,4839,6-89,General San Martín,VILLA MARIA,6,89,,,VILLA MARIA,"BS.AS.E INT.MACIEL 2314, VILLA MARIA, Córdoba, Argentina","-34,6036844","-58,3815591","Buenos Aires, Argentina",Partial Match,Google
ESC PROV JOSE MARIA PAZ,AV MANNY S/N,6,4219,4224,1763,5-59,General Roca,BUCHARDO,5,59,,,BUCHARDO,"AV MANNY S/N, BUCHARDO, Córdoba, Argentina","-34,7217364","-63,507461","Buchardo, Cordoba, Argentina",Partial Match,Google
ESC.PROV. V. MERCANTE,PUBLICA,1,4280,4280,61,5-67,General Roca,ONAGOITY,5,67,,,ONAGOITY,"PUBLICA, ONAGOITY, Córdoba, Argentina","-34,7733032","-63,6719076","Onagoity, Córdoba, Argentina",Partial Match,Google
ESC DR BENJAMIN DUPONT,LAVALLE 186,4,4257,4260,1055,5-62,General Roca,ITALO,5,62,,,ITALO,"LAVALLE 186, ITALO, Córdoba, Argentina","-34,790568","-63,7815683","Italo, Córdoba, Argentina",Partial Match,Google
INST. DE LOS SAGRADOS CORAZONE,SANTA MARI JOSEFA ROSSELLO 250,8,4283,4290,2679,5-70,General Roca,VILLA HUIDOBRO,5,70,,,VILLA HUIDOBRO,"SANTA MARI JOSEFA ROSSELLO 250, VILLA HUIDOBRO, Córdoba, Argentina","-34,8379353","-64,58459","Villa Huidobro, Cordoba, Argentina",Partial Match,Google
ESC. ING.A.EBELOT,FELIPA ROSALES,1,4281,4281,247,5-68,General Roca,PINCEN,5,68,,,PINCEN,"FELIPA ROSALES, PINCEN, Córdoba, Argentina","-34,8381967","-63,9157463","Avenida Felipe Rosales, Pincen, Córdoba, Argentina",Partial Match,Google
ESC.PASO DE LOS ANDES,GARAY VILLA PACIFICO 121,5,4245,4249,1701,5-61,General Roca,HUINCA RENANCO,5,61,,,HUINCA RENANCO,"GARAY VILLA PACIFICO 121, HUINCA RENANCO, Córdoba, Argentina","-34,8397371","-64,3753894","Huinca Renancó, Cordoba, Argentina",Partial Match,Google
ESC.PROV. D.F. SARMIENTO,PTE. JUAN D.PERON  VILLA TORROBA 75,10,4235,4244,3404,5-61,General Roca,HUINCA RENANCO,5,61,,,HUINCA RENANCO,"PTE. JUAN D.PERON  VILLA TORROBA 75, HUINCA RENANCO, Córdoba, Argentina","-34,8419705","-64,3793006","Presidente Juan D Peron, Huinca Renanco, Córdoba, Argentina",Partial Match,Google
ESC.PROV.F.N.LAPRIDA,PUBLICA,1,4282,4282,42,5-69,General Roca,RANQUELES,5,69,,,RANQUELES,"PUBLICA, RANQUELES, Córdoba, Argentina","-34,8427806","-64,0993779","Ranqueles, Córdoba, Argentina",Partial Match,Google
COLEGIO MARIA BENITA ARIAS,MONTEVIDEO 751,10,6015,6024,3472,13-186,Río Cuarto,PUEBLO ALBERDI,13,186,,,PUEBLO ALBERDI,"MONTEVIDEO 751, PUEBLO ALBERDI, Córdoba, Argentina","-34,9011127","-56,1645314","Montevideo, Montevideo Department, Uruguay",Partial Match,Google
ESC MUNIC REPUBLICA DE ITALIA,REALICO 2250,7,1309,1315,2270,1-10D,Capital,CONGRESO,1,10D,,,Córdoba,"REALICO 2250, Córdoba, Córdoba, Argentina","-35,0380173","-64,2465744","Realicó, La Pampa, Argentina",Partial Match,Google
ESC MUNIC BRIG JUAN I DE S MAR,BRAGADO/TRENQUE LAUQUEN,7,2348,2354,2418,1-12F,Capital,JOSE HERNANDEZ,1,12F,,,Córdoba,"BRAGADO/TRENQUE LAUQUEN, Córdoba, Córdoba, Argentina","-35,1154755","-60,4899413","Bragado, Buenos Aires Province, Argentina",Partial Match,Google
ESC.ATAHUALPA YUPANQUI,9 DE JULIO ESQ ATAHULPA YUPAMQUI S/N,10,3698,3707,3402,3-34,Colón,JUAREZ CELMAN,3,34,,,JUAREZ CELMAN,"9 DE JULIO ESQ ATAHULPA YUPAMQUI S/N, JUAREZ CELMAN, Córdoba, Argentina","-35,4439072","-60,8845528","Nueve de Julio Partido, Buenos Aires Province, Argentina",Partial Match,Google
ESC PABLO JULIO RODRIGUEZ,GENERAL LAVALLE 150,7,7214,7220,2335,20-280,San Justo,BALNEARIA,20,280,,,BALNEARIA,"GENERAL LAVALLE 150, BALNEARIA, Córdoba, Argentina","-36,406402","-56,9433384","General Lavalle, Buenos Aires Province, Argentina",Partial Match,Google
INSTITUTO JUAN B ALBERDI,AVELLANEDA 182,5,8646,8650,1625,26-402,Unión,VIAMONTE,26,402,,,VIAMONTE,"AVELLANEDA 182, VIAMONTE, Córdoba, Argentina","-34,6610756","-58,3669739","Avellaneda, Buenos Aires Province, Argentina",Partial Match,Google
ESC.PROV.P.PIZZURNO,MAESTRO FERNANDEZ 538,5,8630,8634,1508,26-397,Unión,SAN ANTONIO,26,397,,,SAN ANTONIO,"MAESTRO FERNANDEZ 538, SAN ANTONIO, Córdoba, Argentina","-32,2139842","-62,6321273","San Antonio de Litín, Cordoba, Argentina",Partial Match,Google
ESC P ALBARRACIN DE SARMIENTO,9 DE JULIO 551,5,8526,8530,1488,26-387,Unión,IDIAZABAL,26,387,,,IDIAZABAL,"9 DE JULIO 551, IDIAZABAL, Córdoba, Argentina","-32,8119513","-63,0322572","Idiazábal, Cordoba, Argentina",Partial Match,Google
ESC DE COM JOSE M.ESTRADA,BELGRANO 548,5,8508,8512,1458,26-381,Unión,CINTRA,26,381,,,CINTRA,"BELGRANO 548, CINTRA, Córdoba, Argentina","-32,307015","-62,651237","Cintra, Córdoba, Argentina",Partial Match,Google
ESC.M.C.G.DE MATOCCIA,ITALIA 1320,4,8520,8523,1341,26-385,Unión,ESCALANTE,26,385,,,ESCALANTE,"ITALIA 1320, ESCALANTE, Córdoba, Argentina","-31,4614379","-64,1905852","Wenceslao Escalante 1320, Córdoba, Argentina",Partial Match,Google
ESC PROV M BUCHARDO,PASAJE AURORA LLANOS DE BUSTOS,4,8641,8644,1263,26-400,Unión,SAN MARCOS SUD,26,400,,,SAN MARCOS SUD,"PASAJE AURORA LLANOS DE BUSTOS, SAN MARCOS SUD, Córdoba, Argentina","-32,628677","-62,4807835","San Marcos, Córdoba, Argentina",Partial Match,Google
ESC.PROV.DR.GARCIA GONZALEZ,JULIO A ROCA 115,4,8370,8373,1144,26-372,Unión,ALTO ALEGRE,26,372,,,ALTO ALEGRE,"JULIO A ROCA 115, ALTO ALEGRE, Córdoba, Argentina","-32,3456329","-62,8845996","Alto Alegre, Córdoba, Argentina",Partial Match,Google
ESC PROV B QUINQUELA MARTIN,SANTA FE 676,2,8513,8514,680,26-382,Unión,CHILIBROSTE,26,382,,,CHILIBROSTE,"SANTA FE 676, CHILIBROSTE, Córdoba, Argentina","-31,6106578","-60,697294","Santa Fe, Santa Fe Province, Argentina",Partial Match,Google
ESC PROV B ERNARDINO RIVADAVIA,RIVADAVIA 360,2,8482,8483,418,26-376,Unión,BISMARCK,26,376,,,BISMARCK,"RIVADAVIA 360, BISMARCK, Córdoba, Argentina","-33,3005117","-62,7131622","Col. Bismarck, Córdoba, Argentina",Partial Match,Google
ESC PROV JUAN P ESNAOLA,CALLE PUBLICA S/N,1,8374,8374,238,26-372A,Unión,ANA ZUMARAN,26,372A,,,ANA ZUMARAN,"CALLE PUBLICA S/N, ANA ZUMARAN, Córdoba, Argentina","-32,3909782","-63,0572391","Ana Zumaran, Córdoba, Argentina",Partial Match,Google
ESC.PROV.M.SASTRE,PUBLICA,1,8629,8629,34,26-396A,Unión,VILLA LOS PATOS,26,396A,,,VILLA LOS PATOS,"PUBLICA, VILLA LOS PATOS, Córdoba, Argentina","-31,4354727","-64,2009018","Cordoba, Argentina",Partial Match,Google
ESCUELA VALENTIN ALSINA,CALLE PUBLICA S/N,1,8635,8635,6,26-397A,Unión,CORRAL DEL BAJO,26,397A,,,CORRAL DEL BAJO,"CALLE PUBLICA S/N, CORRAL DEL BAJO, Córdoba, Argentina","-32,0666618","-62,7999992","Corral del Bajo, Córdoba, Argentina",Partial Match,Google
I.P.E.A. N°223,GUAYASCATE 205,6,8338,8343,1993,25-364,Tulumba,LA DORMIDA,25,364,,,LA DORMIDA,"GUAYASCATE 205, LA DORMIDA, Córdoba, Argentina","-32,3833313","-64,2666702","La Dormida, Córdoba, Argentina",Partial Match,Google
ESC.J.M.ESTRADA,AV.SAN MARTIN,6,8330,8335,1975,25-361,Tulumba,LAS ARRIAS,25,361,,,LAS ARRIAS,"AV.SAN MARTIN, LAS ARRIAS, Córdoba, Argentina","-30,3770404","-63,595509","Las Arrias, Córdoba, Argentina",Partial Match,Google
ESC MANUEL BELGRANO,9 DE JULIO S/N,2,8360,8361,566,25-369,Tulumba,SAN PEDRO NORTE,25,369,,,SAN PEDRO NORTE,"9 DE JULIO S/N, SAN PEDRO NORTE, Córdoba, Argentina","-30,0907094","-64,1552175","San Pedro Nte., Córdoba, Argentina",Partial Match,Google
ESC.PROV.D.F.SARMIENTO,JAVIER GARCIA,2,8356,8357,421,25-367,Tulumba,ROSARIO DEL SALADILLO,25,367,,,ROSARIO DEL SALADILLO,"JAVIER GARCIA, ROSARIO DEL SALADILLO, Córdoba, Argentina","-30,4311024","-63,4732206","Villa Rosario del Saladillo, Córdoba, Argentina",Partial Match,Google
ESC PROV MIGUEL DE GUEMES,CALLE PUBLICA S/N,1,8328,8328,267,25-360A,Tulumba,EL RODEO,25,360A,,,EL RODEO,"CALLE PUBLICA S/N, EL RODEO, Córdoba, Argentina","-31,4632889","-64,2643069","Pública A Sur, Córdoba, Argentina",Partial Match,Google
ESC PROV MARIANO MORENO,PUBLICA S/N,1,8327,8327,156,25-360,Tulumba,CHURQUI CAÑADA,25,360,,,CHURQUI CAÑADA,"PUBLICA S/N, CHURQUI CAÑADA, Córdoba, Argentina","-31,4632889","-64,2643069","Pública A Sur, Córdoba, Argentina",Partial Match,Google
ESCUELA ESTEBAN ECHEVERRIA,CALLE PUBLICA S/N,1,8329,8329,136,25-360B,Tulumba,LA TOMA,25,360B,,,LA TOMA,"CALLE PUBLICA S/N, LA TOMA, Córdoba, Argentina","-31,4354727","-64,2009018","Cordoba, Argentina",Partial Match,Google
ESC PROV CORNELIO SAAVEDRA,PUBLICA S/N (CAMINO A SAN PEDRO N),1,8362,8362,83,25-370,Tulumba,SANTA CRUZ,25,370,,,SANTA CRUZ,"PUBLICA S/N (CAMINO A SAN PEDRO N), SANTA CRUZ, Córdoba, Argentina","-31,4200833","-64,1887761","Córdoba, Cordoba, Argentina",Partial Match,Google
ESC LUIS E JUNCOS(EX NAC 212),CALLE PUBLICA S/N,1,8352,8352,17,25-365,Tulumba,LAS MASITAS,25,365,,,LAS MASITAS,"CALLE PUBLICA S/N, LAS MASITAS, Córdoba, Argentina","-31,4632889","-64,2643069","Pública A Sur, Córdoba, Argentina",Partial Match,Google
ESC.PROV.CNEL. PRINGLES,PUBLICA- CAMINO A SAN LORENZO,6,8295,8300,2053,24-357,Totoral,SINSACATE,24,357,,,SINSACATE,"PUBLICA- CAMINO A SAN LORENZO, SINSACATE, Córdoba, Argentina","-30,9437482","-64,0787439","Sinsacate, Córdoba, Argentina",Partial Match,Google
ESC.PROV.J.F.KENNEDY,LIDORO CENTURION 324,6,8281,8286,1754,24-352,Totoral,LAS PEÑAS,24,352,,,LAS PEÑAS,"LIDORO CENTURION 324, LAS PEÑAS, Córdoba, Argentina","-30,5635966","-63,9995789","Las Peñas, Córdoba, Argentina",Partial Match,Google
ESC.PROV.24 DE SEPTIEMBRE,8 DE DICIEMBRE S/N,2,8301,8302,630,24-358,Totoral,SITON,24,358,,,SITON,"8 DE DICIEMBRE S/N, SITON, Córdoba, Argentina","-30,5724757","-63,652892","Capilla de Sitón, Córdoba, Argentina",Partial Match,Google
ESC PROV GREGORIA MATORRAS,PUBLICA S/N,1,8289,8289,257,24-354,Totoral,SANTA CATALINA,24,354,,,SANTA CATALINA,"PUBLICA S/N, SANTA CATALINA, Córdoba, Argentina","-31,4632889","-64,2643069","Pública A Sur, Córdoba, Argentina",Partial Match,Google
ESC PROV DOMINGO F SARMIENTO,SARMIENTO 724,6,8076,8081,2037,23-342,Tercero Arriba,LAS PERDICES,23,342,,,LAS PERDICES,"SARMIENTO 724, LAS PERDICES, Córdoba, Argentina","-32,6972334","-63,7049856","Las Perdices, Cordoba, Argentina",Partial Match,Google
ESC PROV GRAL J DE SAN MARTIN,PABLO A PIZZURNO 149,5,8023,8027,1712,23-338,Tercero Arriba,CORRALITO,23,338,,,CORRALITO,"PABLO A PIZZURNO 149, CORRALITO, Córdoba, Argentina","-32,0252721","-64,1915799","Corralito, Córdoba, Argentina",Partial Match,Google
ESC.PROV. REYES CATOLICOS,RIVADAVIA 198,4,8126,8129,1248,23-346,Tercero Arriba,PAMPAYASTA SUD,23,346,,,PAMPAYASTA SUD,"RIVADAVIA 198, PAMPAYASTA SUD, Córdoba, Argentina","-32,2413023","-63,6429554","Pampayasta Norte, Córdoba, Argentina",Partial Match,Google
ESC VICENTE LOPEZ Y PLANES,SAN MARTIN 346,2,8089,8090,626,23-343,Tercero Arriba,LOS ZORROS,23,343,,,LOS ZORROS,"SAN MARTIN 346, LOS ZORROS, Córdoba, Argentina","-31,4120968","-64,1821327","San Martín 346, X5022 Córdoba, Argentina",Partial Match,Google
ESC PROV JUAN B ALBERDI,SANTA ROSA 171,2,8021,8022,580,23-337A,Tercero Arriba,CNIA ALMADA,23,337A,,,CNIA ALMADA,"SANTA ROSA 171, CNIA ALMADA, Córdoba, Argentina","-32,0354143","-63,8637344","Sta Rosa 152, X5000ESD Col. Almada, Córdoba, Argentina",Partial Match,Google
ESC PROV ANTARTIDA ARGENTINA,DE LOS ESTUDIANTES S/N,2,8124,8125,424,23-345,Tercero Arriba,PAMPAYASTA NORTE,23,345,,,PAMPAYASTA NORTE,"DE LOS ESTUDIANTES S/N, PAMPAYASTA NORTE, Córdoba, Argentina","-32,2413023","-63,6429554","Pampayasta Norte, Córdoba, Argentina",Partial Match,Google
ESC PROV GRAL BATOLOME MITRE,SAN JUAN ESQ BELGRANO,1,8271,8271,339,23-349A,Tercero Arriba,GENERAL FOTHERINGHAM,23,349A,,,GENERAL FOTHERINGHAM,"SAN JUAN ESQ BELGRANO, GENERAL FOTHERINGHAM, Córdoba, Argentina","-32,3232931","-63,8693848","General Fotheringham, Cordoba, Argentina",Partial Match,Google
ESC PROV GABRIELA MISTRAL,DOMINGO FAUSTINO SARMIENTO S/N,1,8131,8131,250,23-347A,Tercero Arriba,LAS ISLETILLAS,23,347A,,,LAS ISLETILLAS,"DOMINGO FAUSTINO SARMIENTO S/N, LAS ISLETILLAS, Córdoba, Argentina","-31,4093192","-64,162316","Domingo Faustino Sarmiento, Córdoba, Argentina",Partial Match,Google
ESC.PROV.FCO.PASCACIO MORENO,CALLE PUBLICA S/N,2,7969,7970,560,22-332,Sobremonte,POZO NUEVO,22,332,,,POZO NUEVO,"CALLE PUBLICA S/N, POZO NUEVO, Córdoba, Argentina","-31,4632889","-64,2643069","Pública A Sur, Córdoba, Argentina",Partial Match,Google
ESC V LOPEZ Y PLANES,INDEPENDENCIA S/N,2,7971,7972,439,22-333,Sobremonte,CAMINIAGA,22,333,,,CAMINIAGA,"INDEPENDENCIA S/N, CAMINIAGA, Córdoba, Argentina","-30,0680047","-64,0512167","Caminiaga, Córdoba, Argentina",Partial Match,Google
ESC PROV MARIANO MORENO,PUBLICA S/N,1,7973,7973,333,22-334,Sobremonte,CHUÑAHUASI,22,334,,,CHUÑAHUASI,"PUBLICA S/N, CHUÑAHUASI, Córdoba, Argentina","-31,4632889","-64,2643069","Pública A Sur, Córdoba, Argentina",Partial Match,Google
ESC MARTIN M DE GUEMES,A CASTELLANO,7,7930,7936,2193,21-326C,Santa María,SAN NICOLAS,21,326C,,,SAN NICOLAS,"A CASTELLANO, SAN NICOLAS, Córdoba, Argentina","-31,4191468","-64,1682543","San Nicolás, Córdoba, Argentina",Partial Match,Google
ESC PROV FRAY J S MARIA DE ORO,CRUCERO GENERAL BELGRANO S/N,6,7924,7929,1918,21-326B,Santa María,BARRIO PRIMERO DE MAYO,21,326B,,,BARRIO PRIMERO DE MAYO,"CRUCERO GENERAL BELGRANO S/N, BARRIO PRIMERO DE MAYO, Córdoba, Argentina","-31,4422193","-64,1126539","Barrio Ampliación Primero de Mayo, Córdoba, Argentina",Partial Match,Google
ESC IPEM 32-EST POT DE GARAY,LAS MONJITAS S/N,5,7941,7945,1460,21-328,Santa María,POTRERO DE GARAY,21,328,,,POTRERO DE GARAY,"LAS MONJITAS S/N, POTRERO DE GARAY, Córdoba, Argentina","-31,4200833","-64,1887761","Córdoba, Cordoba, Argentina",Partial Match,Google
ESC PROV CATALINA E DE BARON,ANICETO GRANADO S/N,4,7822,7825,1241,21-316E,Santa María,LOS CEDROS,21,316E,,,LOS CEDROS,"ANICETO GRANADO S/N, LOS CEDROS, Córdoba, Argentina","-31,3198089","-64,3042924","Los Cedros, Córdoba, Argentina",Partial Match,Google
ESC PROV DOMINGO F SARMIENTO,LOS CRESPONES 308,3,7840,7842,1029,21-316I,Santa María,VILLA LOS AROMOS,21,316I,,,VILLA LOS AROMOS,"LOS CRESPONES 308, VILLA LOS AROMOS, Córdoba, Argentina","-31,7358549","-64,437577","Villa Los Aromos, Cordoba, Argentina",Partial Match,Google
ESCUELA DE MINERIA,R J CARCANO,2,7952,7953,634,21-330A,Santa María,JOSE DE LA QUINTANA,21,330A,,,JOSE DE LA QUINTANA,"R J CARCANO, JOSE DE LA QUINTANA, Córdoba, Argentina","-31,8023266","-64,4177733","José de la Quintana, Córdoba, Argentina",Partial Match,Google
JARDIN MARTIN M DE GUEMES,A CASTELLANOS S/N,2,7937,7938,627,21-326C,Santa María,SAN NICOLAS,21,326C,,,SAN NICOLAS,"A CASTELLANOS S/N, SAN NICOLAS, Córdoba, Argentina","-31,4350905","-64,4541417","San Nicolás, Cordoba, Argentina",Partial Match,Google
ESC.DELL'ARMELLINA,ITALIA,2,7939,7940,480,21-327,Santa María,MONTE RALO,21,327,,,MONTE RALO,"ITALIA, MONTE RALO, Córdoba, Argentina","-31,9112006","-64,2409977","Monte Ralo, Córdoba, Argentina",Partial Match,Google
ESC PROV B DE MONTEAGUDO,CALLE PUBLICA P/ANIZACATE,2,7853,7854,354,21-317,Santa María,BAJO CHICO,21,317,,,BAJO CHICO,"CALLE PUBLICA P/ANIZACATE, BAJO CHICO, Córdoba, Argentina","-31,7252106","-64,4039648","S Palacios 15, Villa Anisacate, Córdoba, Argentina",Partial Match,Google
ESC VICENTE LOPEZ Y PLANES,25 DE MAYO 271,6,7208,7213,2003,20-280,San Justo,BALNEARIA,20,280,,,BALNEARIA,"25 DE MAYO 271, BALNEARIA, Córdoba, Argentina","-31,0128017","-62,6657249","Balnearia, Córdoba, Argentina",Partial Match,Google
ESC PROV CHACABUCO,25 DE MAYO 381,6,7278,7283,1997,20-288,San Justo,EL ARAÑADO,20,288,,,EL ARAÑADO,"25 DE MAYO 381, EL ARAÑADO, Córdoba, Argentina","-31,7413697","-62,89343","El Arañado, Cordoba, Argentina",Partial Match,Google
ESC PROV PRIMERA JUNTA,9 DE JULIO 576,6,7488,7493,1981,20-309,San Justo,SAN BARTOLOME,20,309,,,SAN BARTOLOME,"9 DE JULIO 576, SAN BARTOLOME, Córdoba, Argentina","-31,4058523","-64,213416","9 de Julio, Córdoba, Argentina",Partial Match,Google
ESC PROV DAMAS PATRICIAS,BV CORDOBA 101,6,7320,7325,1968,20-293,San Justo,LA FRANCIA,20,293,,,LA FRANCIA,"BV CORDOBA 101, LA FRANCIA, Córdoba, Argentina","-31,4063192","-62,6332529","La Francia, Cordoba, Argentina",Partial Match,Google
ESC.PROV.M.MORENO,TUCUMAN 483,6,7252,7257,1818,20-283,San Justo,CONCEPCION,20,283,,,CONCEPCION,"TUCUMAN 483, CONCEPCION, Córdoba, Argentina","-31,4091894","-64,1858767","Tucumán 483, X5022FKI Córdoba, Argentina",Partial Match,Google
ESC MARGARITA LA TORRE MERCADO,8 DE SEPTIEMBRE 107,5,7330,7334,1581,20-295,San Justo,LA TORDILLA,20,295,,,LA TORDILLA,"8 DE SEPTIEMBRE 107, LA TORDILLA, Córdoba, Argentina","-31,217677","-63,0303373","Col. la Tordilla, Córdoba, Argentina",Partial Match,Google
INST JUAN BAUTISTA ALBERDI,SAN JOSE 66,4,7221,7224,1336,20-280,San Justo,BALNEARIA,20,280,,,BALNEARIA,"SAN JOSE 66, BALNEARIA, Córdoba, Argentina","-31,4038558","-64,2210229","José Aguirre Camara 66, X5003GAB Córdoba, Argentina",Partial Match,Google
ESC PROV DOMINGO F SARMIENTO,MATEO OLIVERO 576,4,7285,7288,1175,20-289,San Justo,EL FORTIN,20,289,,,EL FORTIN,"MATEO OLIVERO 576, EL FORTIN, Córdoba, Argentina","-31,9752612","-62,2995391","Juan B. Olivero, El Fortín, Córdoba, Argentina",Partial Match,Google
INST SEC MANUEL DORREGO,SARMIENTO 295,4,7393,7396,1144,20-300,San Justo,MARINA,20,300,,,MARINA,"SARMIENTO 295, MARINA, Córdoba, Argentina","-31,4112104","-64,1777083","Sarmiento 295, X5000EYE Córdoba, Argentina",Partial Match,Google
ESC PROV MARIANO MORENO,ALMIRANTE BROWN 231,3,7326,7328,1033,20-294,San Justo,LA PAQUITA,20,294,,,LA PAQUITA,"ALMIRANTE BROWN 231, LA PAQUITA, Córdoba, Argentina","-30,9069774","-62,2160676","La Paquita, Córdoba, Argentina",Partial Match,Google
ESC PROV JOSE MARIA PAZ,15 DE OCTUBRE 588,3,7289,7291,977,20-290,San Justo,EL TIO,20,290,,,EL TIO,"15 DE OCTUBRE 588, EL TIO, Córdoba, Argentina","-31,384529","-62,8284538","El Tío, Cordoba, Argentina",Partial Match,Google
ESCUELA N°149(HOY:JOSE SEEBER),SAN PANTALEON 425,3,7660,7662,721,20-313,San Justo,SEEBER,20,313,,,SEEBER,"SAN PANTALEON 425, SEEBER, Córdoba, Argentina","-30,9246693","-61,9739364","Seeber, Córdoba, Argentina",Partial Match,Google
ESC PROV SANTIAGO DERQUI,JUAREZ CELMAN 357,2,7475,7476,547,20-306,San Justo,PROSPERIDAD,20,306,,,PROSPERIDAD,"JUAREZ CELMAN 357, PROSPERIDAD, Córdoba, Argentina","-31,2757806","-64,1645537","Estación Juárez Celman, Cordoba, Argentina",Partial Match,Google
ESC PROV ALTE GUILLERMO BROWN,ALICIA ROSSI 441,2,7206,7207,372,20-279A,San Justo,EL FUERTECITO,20,279A,,,EL FUERTECITO,"ALICIA ROSSI 441, EL FUERTECITO, Córdoba, Argentina","-31,4048211","-62,9721208","El Fuertecito, Córdoba, Argentina",Partial Match,Google
ESC.PROV.J.M.ESTRADA,AV LOS PINARES S/N,1,7335,7335,316,20-295A,San Justo,TORO PUJIO,20,295A,,,TORO PUJIO,"AV LOS PINARES S/N, TORO PUJIO, Córdoba, Argentina","-31,3728432","-64,2148876","Los Pinares, Córdoba, Argentina",Partial Match,Google
ESC PROV NICOLAS AVELLANEDA,SARMIENTO S/N,1,7329,7329,169,20-294A,San Justo,COLONIA VALTELINA,20,294A,,,COLONIA VALTELINA,"SARMIENTO S/N, COLONIA VALTELINA, Córdoba, Argentina","-31,0524525","-62,2353956","Col. Valtelina, Córdoba, Argentina",Partial Match,Google
ESC PROV DOMINGO F SARMIENTO,PUBLICA S/N,1,7276,7276,165,20-286,San Justo,DIEZ DE JULIO,20,286,,,DIEZ DE JULIO,"PUBLICA S/N, DIEZ DE JULIO, Córdoba, Argentina","-31,4632889","-64,2643069","Pública A Sur, Córdoba, Argentina",Partial Match,Google
ESC PROV L DE LA TORRE,PUBLICA S/N,1,7277,7277,148,20-287,San Justo,DOS HERMANOS,20,287,,,DOS HERMANOS,"PUBLICA S/N, DOS HERMANOS, Córdoba, Argentina","-31,4632889","-64,2643069","Pública A Sur, Córdoba, Argentina",Partial Match,Google
ESC PROV RAMON J CARCANO,PUBLICA S/N,1,7313,7313,78,20-291A,San Justo,COLONIA ANITA,20,291A,,,COLONIA ANITA,"PUBLICA S/N, COLONIA ANITA, Córdoba, Argentina","-31,4632889","-64,2643069","Pública A Sur, Córdoba, Argentina",Partial Match,Google
ESC.PROV.J.DE SAN MARTIN,CALLE PUBLICA S/N,1,7659,7659,17,20-312,San Justo,SAUZE,20,312,,,SAUZE,"CALLE PUBLICA S/N, SAUZE, Córdoba, Argentina","-31,4632889","-64,2643069","Pública A Sur, Córdoba, Argentina",Partial Match,Google
INST JUAN BAUTISTA ALBERDI,12 DE OCTUBRE 30,4,7069,7072,1267,19-269,San Javier,LA PAZ,19,269,,,LA PAZ,"12 DE OCTUBRE 30, LA PAZ, Córdoba, Argentina","-31,4200833","-64,1887761","Córdoba, Cordoba, Argentina",Partial Match,Google
ESC PROV JUAN JOSE PASO,RUTA NACIONAL 148 S/N,1,7081,7081,36,19-269B,San Javier,EL MANANTIAL,19,269B,,,EL MANANTIAL,"RUTA NACIONAL 148 S/N, EL MANANTIAL, Córdoba, Argentina","-33,4786045","-65,4814804","RN148, Córdoba, Argentina",Partial Match,Google
IPEA 307,LIBERTAD 250,5,6971,6975,1652,18-265A,San Alberto,VILLA SARMIENTO,18,265A,,,VILLA SARMIENTO,"LIBERTAD 250, VILLA SARMIENTO, Córdoba, Argentina","-31,9358863","-65,1915949","Villa Sarmiento, Córdoba, Argentina",Partial Match,Google
ESC MAESTRO H GALABURRI,MONSEÑOR FARINA S/N,5,6980,6984,1392,18-266,San Alberto,SAN VICENTE,18,266,,,SAN VICENTE,"MONSEÑOR FARINA S/N, SAN VICENTE, Córdoba, Argentina","-31,4166698","-64,1500015","Barrio San Vicente, Córdoba, Cordoba, Argentina",Partial Match,Google
POLICIA FEDERAL ARGENTINA,LA CALERA ESQ LOS CEIBOS,4,6923,6926,1391,18-262,San Alberto,MINA CLAVERO,18,262,,,MINA CLAVERO,"LA CALERA ESQ LOS CEIBOS, MINA CLAVERO, Córdoba, Argentina","-31,7345526","-65,0026101","Los Ceibos, Mina Clavero, Córdoba, Argentina",Partial Match,Google
ESC.PROV.FRAY J.M.NOGAL,DOMINGO F SARMIENTO,3,6874,6876,1008,18-260,San Alberto,AMBUL,18,260,,,AMBUL,"DOMINGO F SARMIENTO, AMBUL, Córdoba, Argentina","-31,4899932","-65,0546463","Ambul, Córdoba, Argentina",Partial Match,Google
ESC.PROV.FRAY L.BELTRAN,PUBLICA,3,6977,6979,931,18-265C,San Alberto,SAUCE ARRIBA,18,265C,,,SAUCE ARRIBA,"PUBLICA, SAUCE ARRIBA, Córdoba, Argentina","-31,4354727","-64,2009018","Cordoba, Argentina",Partial Match,Google
ESC J V LOPEZ(EX-NAC N°493),RUTA N°14 Y ESMERALDA,3,6937,6939,748,18-263C,San Alberto,ARROYO DE LOS PATOS,18,263C,,,ARROYO DE LOS PATOS,"RUTA N°14 Y ESMERALDA, ARROYO DE LOS PATOS, Córdoba, Argentina","-31,4343592","-64,1885243","Lago de los patos, Córdoba, Argentina",Partial Match,Google
ESC.P.PIZZURNO,PUBLICA,2,6945,6946,404,18-264,San Alberto,PANAHOLMA,18,264,,,PANAHOLMA,"PUBLICA, PANAHOLMA, Córdoba, Argentina","-31,6329196","-65,0549378","Panaholma, Córdoba, Argentina",Partial Match,Google
ESC MARCELO T DE ALVEAR,CALLE PUBLICA S/N,1,6985,6985,149,18-266A,San Alberto,SAN RAFAEL,18,266A,,,SAN RAFAEL,"CALLE PUBLICA S/N, SAN RAFAEL, Córdoba, Argentina","-31,4632889","-64,2643069","Pública A Sur, Córdoba, Argentina",Partial Match,Google
ESC PROV JUAN P PRINGLES,PUBLICA S/N,1,6877,6877,35,18-260A,San Alberto,EL VOLCAN,18,260A,,,EL VOLCAN,"PUBLICA S/N, EL VOLCAN, Córdoba, Argentina","-31,4632889","-64,2643069","Pública A Sur, Córdoba, Argentina",Partial Match,Google
ESC VICTORIANO RODRIGUEZ,ALVEAR 220,5,6833,6837,1427,17-249,Pte. Roque Sáenz Peña,LA CESIRA,17,249,,,LA CESIRA,"ALVEAR 220, LA CESIRA, Córdoba, Argentina","-31,4143821","-64,1802039","Gral. Alvear 220, X5021EAF Córdoba, Argentina",Partial Match,Google
ESC.PROV.GRAL SAN MARTIN,CALLE PUBLICA S/N,1,6861,6861,154,17-256,Pte. Roque Sáenz Peña,SAN JOAQUIN,17,256,,,SAN JOAQUIN,"CALLE PUBLICA S/N, SAN JOAQUIN, Córdoba, Argentina","-34,5142227","-63,7150283","San Joaquin, Córdoba, Argentina",Partial Match,Google
ESC FRANCISCO MALBRAN,DIAGONAL PRECIDENTE PERON 512,6,6669,6674,1973,16-241,Río Segundo,POZO DEL MOLLE,16,241,,,POZO DEL MOLLE,"DIAGONAL PRECIDENTE PERON 512, POZO DEL MOLLE, Córdoba, Argentina","-32,0245045","-62,9170154","Diagonal Pres. Juan Domingo Perón 512, Pozo del Molle, Córdoba, Argentina",Partial Match,Google
I.P.E.A.(IPEM 231 TORAZO),ESPAÑA 337,5,6554,6558,1549,16-236,Río Segundo,LAS JUNTURAS,16,236,,,LAS JUNTURAS,"ESPAÑA 337, LAS JUNTURAS, Córdoba, Argentina","-31,8322886","-63,4508839","Las Junturas, Cordoba, Argentina",Partial Match,Google
ESC PROV SEMANA DE MAYO,ADALGISA 427,4,6526,6529,1370,16-233,Río Segundo,COLAZO,16,233,,,COLAZO,"ADALGISA 427, COLAZO, Córdoba, Argentina","-31,9641137","-63,3832935","Colazo, Cordoba, Argentina",Partial Match,Google
ESC.PROV.D.F.SARMIENTO,SARMIENTO 218,3,6581,6583,965,16-238,Río Segundo,MATORRALES,16,238,,,MATORRALES,"SARMIENTO 218, MATORRALES, Córdoba, Argentina","-31,7135165","-63,5107772","Matorrales, Córdoba, Argentina",Partial Match,Google
ESC.PROV.M.BELGRANO,JOSE HERNANDEZ 40,2,6516,6517,669,16-230A,Río Segundo,CALCHIN OESTE,16,230A,,,CALCHIN OESTE,"JOSE HERNANDEZ 40, CALCHIN OESTE, Córdoba, Argentina","-31,6682192","-63,199948","Calchín, Córdoba, Argentina",Partial Match,Google
ESC PROV NICOLAS AVELLANEDA,9 DE JULIO S/N,2,6675,6676,485,16-242,Río Segundo,RINCON,16,242,,,RINCON,"9 DE JULIO S/N, RINCON, Córdoba, Argentina","-35,4439072","-60,8845528","Nueve de Julio Partido, Buenos Aires Province, Argentina",Partial Match,Google
ESCUELA NARCISO LAPRIDA,GRAL JOSE DE SAN MARTIN S/N,2,6518,6519,412,16-231,Río Segundo,CAPILLA DEL CARMEN,16,231,,,CAPILLA DEL CARMEN,"GRAL JOSE DE SAN MARTIN S/N, CAPILLA DEL CARMEN, Córdoba, Argentina","-31,3566315","-64,1615836","Zorrilla de San Martín, Córdoba, Argentina",Partial Match,Google
ESC PROV ESTANISLAO DEL CAMPO,CARLOS PLAZENOTTI 44,2,6738,6739,359,16-244A,Río Segundo,LOS CHAÑARITOS,16,244A,,,LOS CHAÑARITOS,"CARLOS PLAZENOTTI 44, LOS CHAÑARITOS, Córdoba, Argentina","-31,4016836","-63,3330363","Los Chañaritos, Córdoba, Argentina",Partial Match,Google
ESC PROV JERONIMO L DE CABRERA,SAN MARTIN S/N IMPIRA,1,6580,6580,214,16-237B,Río Segundo,PUEBLO LUDUEÑA,16,237B,,,PUEBLO LUDUEÑA,"SAN MARTIN S/N IMPIRA, PUEBLO LUDUEÑA, Córdoba, Argentina","-31,7982762","-63,6507034","Impira, Córdoba, Argentina",Partial Match,Google
ESC GRAL SAN MARTIN,SARMIENTO 400,3,6467,6469,904,15-225,Río Seco,GUTEMBERG,15,225,,,GUTEMBERG,"SARMIENTO 400, GUTEMBERG, Córdoba, Argentina","-31,411847","-64,176015","Sarmiento 400, Córdoba, Argentina",Partial Match,Google
ESC.PROV.C.SAAVEDRA,PUBLICA,3,6463,6465,823,15-223,Río Seco,CANDELARIA NORTE,15,223,,,CANDELARIA NORTE,"PUBLICA, CANDELARIA NORTE, Córdoba, Argentina","-29,8129247","-63,3551802","Villa Candelaria, Córdoba, Argentina",Partial Match,Google
ESC.PROV.CNEL.F.DE BEDOYA,CALLE PUBLICA S/N,3,6475,6477,738,15-227,Río Seco,RAYO CORTADO,15,227,,,RAYO CORTADO,"CALLE PUBLICA S/N, RAYO CORTADO, Córdoba, Argentina","-31,4632889","-64,2643069","Pública A Sur, Córdoba, Argentina",Partial Match,Google
ESC PRO MARTIN GUEMES,PUBLICA S/N,2,6471,6472,447,15-226,Río Seco,LOS HOYOS,15,226,,,LOS HOYOS,"PUBLICA S/N, LOS HOYOS, Córdoba, Argentina","-31,4632889","-64,2643069","Pública A Sur, Córdoba, Argentina",Partial Match,Google
ESC PROV ING FEDERICO NEHHER,PUBLICA S/N,2,6483,6484,389,15-227D,Río Seco,SANTA ELENA,15,227D,,,SANTA ELENA,"PUBLICA S/N, SANTA ELENA, Córdoba, Argentina","-31,4632889","-64,2643069","Pública A Sur, Córdoba, Argentina",Partial Match,Google
ESC PROV LUCIANO ARGUELLO,CALLE PIBLICA S/N,2,6480,6481,358,15-227B,Río Seco,CERRO COLORADO,15,227B,,,CERRO COLORADO,"CALLE PIBLICA S/N, CERRO COLORADO, Córdoba, Argentina","-30,095067","-63,9332953","calle publica sn,, Cerro Colorado, Córdoba, Argentina",Partial Match,Google
ESC PROV LEOPOLDO LUGONES,SANTIAGO DEL ESTERO S/N,1,6508,6508,202,15-229A,Río Seco,EUFRASIO LOZA,15,229A,,,EUFRASIO LOZA,"SANTIAGO DEL ESTERO S/N, EUFRASIO LOZA, Córdoba, Argentina","-27,7833574","-64,264167","Santiago del Estero, Santiago del Estero Province, Argentina",Partial Match,Google
ESC PROV G MARTINEZ PIZARRO,PUBLICA S/N,1,6482,6482,195,15-227C,Río Seco,CHAÑAR VIEJO,15,227C,,,CHAÑAR VIEJO,"PUBLICA S/N, CHAÑAR VIEJO, Córdoba, Argentina","-31,4632889","-64,2643069","Pública A Sur, Córdoba, Argentina",Partial Match,Google
ESC DR D VELEZ SARSFIELD,MARIANO MORENO 1020,6,6348,6353,2059,14-204,Río Primero,LA PARA,14,204,,,LA PARA,"MARIANO MORENO 1020, LA PARA, Córdoba, Argentina","-31,4236554","-64,2018325","Mariano Moreno 1020, Córdoba, Argentina",Partial Match,Google
ESC.PROV.D.F.SARMIENTO,AVDA.SARMIENTO E 74,5,6406,6410,1682,14-214,Río Primero,PIQUILLIN,14,214,,,PIQUILLIN,"AVDA.SARMIENTO E 74, PIQUILLIN, Córdoba, Argentina","-31,3012196","-63,7578757","Sarmiento, Piquillín, Córdoba, Argentina",Partial Match,Google
ESC PROV MARTIN GUEMES,MARTIN GUEMES Y RAVADAVIA S/N,3,6332,6334,1043,14-198,Río Primero,CAPILLA DE REMEDIOS,14,198,,,CAPILLA DE REMEDIOS,"MARTIN GUEMES Y RAVADAVIA S/N, CAPILLA DE REMEDIOS, Córdoba, Argentina","-31,40841","-64,1792903","Rivadavia, Córdoba, Argentina",Partial Match,Google
IPEM N°228-SAN ISIDRO LABRADOR,AV PEDRO J FONTANA 448,3,6460,6462,938,14-222,Río Primero,VILLA FONTANA,14,222,,,VILLA FONTANA,"AV PEDRO J FONTANA 448, VILLA FONTANA, Córdoba, Argentina","-30,8936551","-63,1170968","Villa Fontana, Cordoba, Argentina",Partial Match,Google
ESC PROV JOAQUIN V GONZALEZ,JOAQUIN V GONZALEZ S/N,2,6330,6331,373,14-197,Río Primero,LA POSTA,14,197,,,LA POSTA,"JOAQUIN V GONZALEZ S/N, LA POSTA, Córdoba, Argentina","-30,727118","-64,8129967","Joaquín González, Cruz del Eje, Córdoba, Argentina",Partial Match,Google
ESC.R.E.DE SAN MARTIN,MARTIN MIGUEL DE GUEMEZ Y PEDRO VIVA,2,6341,6342,360,14-203,Río Primero,PEDRO E.VIVAS,14,203,,,PEDRO E.VIVAS,"MARTIN MIGUEL DE GUEMEZ Y PEDRO VIVA, PEDRO E.VIVAS, Córdoba, Argentina","-31,3705522","-63,5297933","Pedro E. Vivas, Córdoba, Argentina",Partial Match,Google
ESCUELA N°111,SARMIENTO Y 25 DE MAYO,1,6363,6363,298,14-208,Río Primero,COMECHINGONES,14,208,,,COMECHINGONES,"SARMIENTO Y 25 DE MAYO, COMECHINGONES, Córdoba, Argentina","-31,4141441","-64,1631704","25 de Mayo, Córdoba, Argentina",Partial Match,Google
ESC PROV DOMINGO F SARMIENTO,PUBLICA S/N,1,6397,6397,272,14-212B,Río Primero,EL CRISPIN,14,212B,,,EL CRISPIN,"PUBLICA S/N, EL CRISPIN, Córdoba, Argentina","-31,4632889","-64,2643069","Pública A Sur, Córdoba, Argentina",Partial Match,Google
ESC PROV JUAN JOSE PASO,PUBLICA S/N,1,6412,6412,271,14-215A,Río Primero,LA QUINTA,14,215A,,,LA QUINTA,"PUBLICA S/N, LA QUINTA, Córdoba, Argentina","-31,4632889","-64,2643069","Pública A Sur, Córdoba, Argentina",Partial Match,Google
ESC N°315  ARTURO CAPDEVILA,MAESTRO MARIO S/N,1,6335,6335,264,14-199,Río Primero,CHALACEA,14,199,,,CHALACEA,"MAESTRO MARIO S/N, CHALACEA, Córdoba, Argentina","-30,762136","-63,5590964","Chalacea, Córdoba, Argentina",Partial Match,Google
ESC.PROV.M.MORENO,CALLE 12,1,6329,6329,213,14-196,Río Primero,CAÑADA DE MACHADO,14,196,,,CAÑADA DE MACHADO,"CALLE 12, CAÑADA DE MACHADO, Córdoba, Argentina","-31,4292528","-63,5871599","Cañada de Machado, Córdoba, Argentina",Partial Match,Google
ESC.JORGE NEWBERY,PUBLICA,1,6436,6436,172,14-219,Río Primero,SAGRADA FAMILIA,14,219,,,SAGRADA FAMILIA,"PUBLICA, SAGRADA FAMILIA, Córdoba, Argentina","-31,3891331","-64,2315077","Av. Sagrada Familia, Córdoba, Argentina",Partial Match,Google
ESC.PROV.J.M.PAZ,PUBLICA,1,6364,6364,149,14-209,Río Primero,MAQUINISTA GALLINI,14,209,,,MAQUINISTA GALLINI,"PUBLICA, MAQUINISTA GALLINI, Córdoba, Argentina","-31,4354727","-64,2009018","Cordoba, Argentina",Partial Match,Google
ESC MAEST F BELLORA DE DAVILA,CALLE PUBLICA S/N,1,6339,6339,146,14-201A,Río Primero,LAS GRAMILLAS,14,201A,,,LAS GRAMILLAS,"CALLE PUBLICA S/N, LAS GRAMILLAS, Córdoba, Argentina","-31,4632889","-64,2643069","Pública A Sur, Córdoba, Argentina",Partial Match,Google
ESC.PROV.M.BELGRANO,CHACON DE CUESTAS,1,6411,6411,139,14-215,Río Primero,PLAZA DE MERCEDES,14,215,,,PLAZA DE MERCEDES,"CHACON DE CUESTAS, PLAZA DE MERCEDES, Córdoba, Argentina","-30,978929","-63,259996","Plaza de Mercedes, Córdoba, Argentina",Partial Match,Google
ESC DOMINGO F SARMIENTO,PUBLICA S/N(HOY:BLAS DE ROSALES),1,6365,6365,82,14-210,Río Primero,BLAS DE ROSALES,14,210,,,BLAS DE ROSALES,"PUBLICA S/N(HOY:BLAS DE ROSALES), BLAS DE ROSALES, Córdoba, Argentina","-31,4200833","-64,1887761","Córdoba, Cordoba, Argentina",Partial Match,Google
ESC REPUBLICA DEL URUGUAY,SAN LUIS 342,6,5817,5822,2082,13-165,Río Cuarto,BANDA NORTE,13,165,,,BANDA NORTE,"SAN LUIS 342, BANDA NORTE, Córdoba, Argentina","-33,3017267","-66,3377522","San Luis, San Luis Province, Argentina",Partial Match,Google
ESC.S.R.DE ZAVALIA,INGENIERO MILITAR CARULLA,6,5883,5888,1989,13-172,Río Cuarto,HOLMBERG,13,172,,,HOLMBERG,"INGENIERO MILITAR CARULLA, HOLMBERG, Córdoba, Argentina","-33,2067722","-64,4333137","Santa Catalina, Córdoba, Argentina",Partial Match,Google
ESC PROV BERNARDINO RIVADAVIA,VELEZ SARSFIELD 50,6,5745,5750,1878,13-164,Río Cuarto,BAIGORRIA,13,164,,,BAIGORRIA,"VELEZ SARSFIELD 50, BAIGORRIA, Córdoba, Argentina","-31,415709","-64,1871043","Av. Vélez Sarsfield 50, X5000JJN Córdoba, Argentina",Partial Match,Google
INST SEC LA ASUNCION DE MARIA,PASAJE CURA BROCHERO 189,5,5866,5870,1577,13-170,Río Cuarto,ELENA,13,170,,,ELENA,"PASAJE CURA BROCHERO 189, ELENA, Córdoba, Argentina","-32,0741103","-64,5383071","Cura Brochero 189, Santa Rosa de Calamuchita, Córdoba, Argentina",Partial Match,Google
IPET 314- GRAL J DE SAN MARTIN,GUEMEZ 1600,4,6064,6067,1385,13-186,Río Cuarto,PUEBLO ALBERDI,13,186,,,PUEBLO ALBERDI,"GUEMEZ 1600, PUEBLO ALBERDI, Córdoba, Argentina","-31,4069401","-64,2175079","Padre Lozano 110, Alberdi, X5002JAD Córdoba, Argentina",Partial Match,Google
ESC CAP DE FRAGATA MOYANO,JULIANA GARCIA P 560,3,5934,5936,932,13-182,Río Cuarto,LAS VERTIENTES,13,182,,,LAS VERTIENTES,"JULIANA GARCIA P 560, LAS VERTIENTES, Córdoba, Argentina","-33,2824714","-64,5793963","Juliana Garcia Pubill, Las Vertientes, Córdoba, Argentina",Partial Match,Google
ESC PROV GRAL J DE SAN MARTIN,BV CORDOBA S/N,3,5861,5863,795,13-168,Río Cuarto,CHAJAN,13,168,,,CHAJAN,"BV CORDOBA S/N, CHAJAN, Córdoba, Argentina","-31,4200833","-64,1887761","Córdoba, Cordoba, Argentina",Partial Match,Google
ESC.PROV.M.BELGRANO,SARMIENTO,3,5988,5990,737,13-184A,Río Cuarto,MONTE DE LOS GAUCHOS,13,184A,,,MONTE DE LOS GAUCHOS,"SARMIENTO, MONTE DE LOS GAUCHOS, Córdoba, Argentina","-33,6388981","-63,8906739","Monte de los Gauchos, Córdoba, Argentina",Partial Match,Google
CNMA 24-ANEXO PCIA STA CRUZ,EL SALVADOR 850,2,5837,5838,696,13-165,Río Cuarto,BANDA NORTE,13,165,,,BANDA NORTE,"EL SALVADOR 850, BANDA NORTE, Córdoba, Argentina","-31,4763055","-64,2409886","El Salvador, Córdoba, Argentina",Partial Match,Google
ESC.PROV.J.M.ESTRADA,AVELLANEDA 181,2,6324,6325,562,13-193,Río Cuarto,TOSQUITA,13,193,,,TOSQUITA,"AVELLANEDA 181, TOSQUITA, Córdoba, Argentina","-34,6610756","-58,3669739","Avellaneda, Buenos Aires Province, Argentina",Partial Match,Google
ESC.C.G. DE REZZANO,CALLE 11,2,5908,5909,474,13-178A,Río Cuarto,LAS ALBAHACAS,13,178A,,,LAS ALBAHACAS,"CALLE 11, LAS ALBAHACAS, Córdoba, Argentina","-31,3366875","-64,1798836","Margarita Weild de Paz, Córdoba, Argentina",Partial Match,Google
ESC.PROV.J.M.PAZ,AVDA. 22 DE OCTUBRE,1,5932,5932,199,13-180,Río Cuarto,LAS PEÑAS,13,180,,,LAS PEÑAS,"AVDA. 22 DE OCTUBRE, LAS PEÑAS, Córdoba, Argentina","-30,5635966","-63,9995789","Las Peñas, Córdoba, Argentina",Partial Match,Google
ESC PROV JOSE DE SAN MARTIN,RUTA NACIONAL 36 KM 614 S/N,1,5875,5875,161,13-171,Río Cuarto,ESPINILLO,13,171,,,ESPINILLO,"RUTA NACIONAL 36 KM 614 S/N, ESPINILLO, Córdoba, Argentina","-31,465501","-64,2027812","RN36, Córdoba, Argentina",Partial Match,Google
ESC.ALBERGUE J.HERNANDEZ,PUBLICA,1,5910,5910,127,13-178B,Río Cuarto,VILLA EL CHACAY,13,178B,,,VILLA EL CHACAY,"PUBLICA, VILLA EL CHACAY, Córdoba, Argentina","-31,4200833","-64,1887761","Córdoba, Cordoba, Argentina",Partial Match,Google
ESC PROV JOSE DE SAN MARTIN,PUBLICA S/N,1,5897,5897,73,13-175,Río Cuarto,LA GILDA,13,175,,,LA GILDA,"PUBLICA S/N, LA GILDA, Córdoba, Argentina","-31,4632889","-64,2643069","Pública A Sur, Córdoba, Argentina",Partial Match,Google
ESC.PROV.J.DE SAN MARTIN,CALLE PUBLICA S/N,1,5907,5907,68,13-178,Río Cuarto,LAS CAÑITAS,13,178,,,LAS CAÑITAS,"CALLE PUBLICA S/N, LAS CAÑITAS, Córdoba, Argentina","-31,4632889","-64,2643069","Pública A Sur, Córdoba, Argentina",Partial Match,Google
ESC M E H DE GONZALEZ ELIZALDE,RIO NEGRO S/N,6,5361,5366,2061,12-153,Punilla,LA CUMBRE,12,153,,,LA CUMBRE,"RIO NEGRO S/N, LA CUMBRE, Córdoba, Argentina","-31,4862887","-64,2260212","Rio Negro S/N, Córdoba, Argentina",Partial Match,Google
ESC AERONAUTICA ARGENTINA,OCAMPO Y ROMAN DEHEZA S/N-LA LOMITA,6,5417,5422,2049,12-154,Punilla,LA FALDA,12,154,,,LA FALDA,"OCAMPO Y ROMAN DEHEZA S/N-LA LOMITA, LA FALDA, Córdoba, Argentina","-31,0853729","-64,4898758","Roman Deheza, La Falda, Córdoba, Argentina",Partial Match,Google
ESC MERCEDES S M DE BALCARCE,GENERAL SAN MARTIN S/N,6,5591,5596,1874,12-156A,Punilla,YCHO CRUZ,12,156A,,,YCHO CRUZ,"GENERAL SAN MARTIN S/N, YCHO CRUZ, Córdoba, Argentina","-32,4852656","-63,297505","General San Martín Department, Cordoba, Argentina",Partial Match,Google
ESC ESTEBAN ECHEVERRIA,CHILE 42,5,5351,5355,1642,12-152A,Punilla,VILLA GIARDINO,12,152A,,,VILLA GIARDINO,"CHILE 42, VILLA GIARDINO, Córdoba, Argentina","-31,0529852","-64,4991278","Villa Giardino, Cordoba, Argentina",Partial Match,Google
ESC HOGAR ALBERTO MAGGI,CEFERINO NAMUNCURA 62,5,5217,5221,1418,12-147A,Punilla,SAN ROQUE,12,147A,,,SAN ROQUE,"CEFERINO NAMUNCURA 62, SAN ROQUE, Córdoba, Argentina","-31,3736111","-64,4675","San Roque Lake, Cordoba, Argentina",Partial Match,Google
ESC BENJAMIN MATIENZO,DR.MIGUEL A. VOCOS S/N TILLARD,4,5624,5627,1358,12-157,Punilla,SANTA MARIA,12,157,,,SANTA MARIA,"DR.MIGUEL A. VOCOS S/N TILLARD, SANTA MARIA, Córdoba, Argentina","-31,2764965","-64,4518694","Miguel de Vocos, Córdoba, Argentina",Partial Match,Google
ESC GENERAL JOSE DE SAN MARTIN,AV CURA BROCHERO 150,6,5189,5194,1983,11-146,Pocho,SALSACATE,11,146,,,SALSACATE,"AV CURA BROCHERO 150, SALSACATE, Córdoba, Argentina","-31,6667512","-65,0173072","Villa Cura Brochero, Cordoba, Argentina",Partial Match,Google
ESC.PROV.D.FRENCH,PUBLICA,2,5186,5187,562,11-145,Pocho,POCHO,11,145,,,POCHO,"PUBLICA, POCHO, Córdoba, Argentina","-31,4895195","-65,2811495","Pocho, Córdoba, Argentina",Partial Match,Google
ESC.PROV.M.BELGRANO,CALLE PUBLICA S/N,1,5195,5195,308,11-146A,Pocho,TALA CAÑADA,11,146A,,,TALA CAÑADA,"CALLE PUBLICA S/N, TALA CAÑADA, Córdoba, Argentina","-31,4632889","-64,2643069","Pública A Sur, Córdoba, Argentina",Partial Match,Google
ESC ROQUE SAENZ PEÑA,CALLE PUBLICA S/N,1,5197,5197,141,11-146C,Pocho,LOS TALARES,11,146C,,,LOS TALARES,"CALLE PUBLICA S/N, LOS TALARES, Córdoba, Argentina","-31,4632889","-64,2643069","Pública A Sur, Córdoba, Argentina",Partial Match,Google
ESC.SEC.J.L.DE CABRERA,RIVADAVIA E IRIGOYEN,7,5173,5179,2169,10-142,Minas,SAN CARLOS,10,142,,,SAN CARLOS,"RIVADAVIA E IRIGOYEN, SAN CARLOS, Córdoba, Argentina","-31,4200833","-64,1887761","Córdoba, Cordoba, Argentina",Partial Match,Google
ESC PROV NIÑAS DE AYOHUMA,PUBLICA S/N,2,5163,5164,392,10-138C,Minas,ESTANCIA DE GUADALUPE,10,138C,,,ESTANCIA DE GUADALUPE,"PUBLICA S/N, ESTANCIA DE GUADALUPE, Córdoba, Argentina","-31,1299609","-65,2174742","Estancia de Guadalupe, Córdoba, Argentina",Partial Match,Google
ESC PROV ANGEL V PEÑALOZA,PUBLICA S/N,1,5172,5172,146,10-141A,Minas,EL CHACHO,10,141A,,,EL CHACHO,"PUBLICA S/N, EL CHACHO, Córdoba, Argentina","-31,4632889","-64,2643069","Pública A Sur, Córdoba, Argentina",Partial Match,Google
ESC MARTIN MIGUEL DE GUEMES,OJO DE AGUA DE TOTOX,1,5170,5170,86,10-140A,Minas,OJO DE AGUA DE TOTOX,10,140A,,,OJO DE AGUA DE TOTOX,"OJO DE AGUA DE TOTOX, OJO DE AGUA DE TOTOX, Córdoba, Argentina","-31,2167432","-65,2460397","Ojo de Agua, Córdoba, Argentina",Partial Match,Google
ESC JOSE MARIA PAZ,SARMIENTO 633,6,4926,4931,2024,9-121,Marcos Juárez,BALDISSERA,9,121,,,BALDISSERA,"SARMIENTO 633, BALDISSERA, Córdoba, Argentina","-33,1227632","-62,3023981","General Baldissera, Cordoba, Argentina",Partial Match,Google
INST JOSE MARIA PAZ,URUGUAY 210,5,5000,5004,1720,9-128,Marcos Juárez,INRIVILLE,9,128,,,INRIVILLE,"URUGUAY 210, INRIVILLE, Córdoba, Argentina","-31,4201655","-64,1628526","Uruguay, Córdoba, Argentina",Partial Match,Google
ESC ROQUE SAENZ PEÑA,SANTA ROSA 479,5,5147,5151,1645,9-136,Marcos Juárez,ROCA,9,136,,,ROCA,"SANTA ROSA 479, ROCA, Córdoba, Argentina","-31,4107325","-64,1890607","Sta Rosa 479, X5000ESI Córdoba, Argentina",Partial Match,Google
ESC.PROV.D.F.SARMIENTO,LEANDRO N ALEM 574,4,4903,4906,1260,9-119,Marcos Juárez,ALEJO LEDESMA,9,119,,,ALEJO LEDESMA,"LEANDRO N ALEM 574, ALEJO LEDESMA, Córdoba, Argentina","-33,6097287","-62,6220155","Leónardo N. Alem, Alejo Ledesma, Córdoba, Argentina",Partial Match,Google
ESC.SEC.TOMAS THOMAS,CORDOBA 138,4,4946,4949,1059,9-124,Marcos Juárez,CAVANAGH,9,124,,,CAVANAGH,"CORDOBA 138, CAVANAGH, Córdoba, Argentina","-33,4758679","-62,3387035","Cavanagh, Cordoba, Argentina",Partial Match,Google
ESC 9 DE JULIO,ALSINA  SUR 517,3,5152,5154,993,9-136,Marcos Juárez,ROCA,9,136,,,ROCA,"ALSINA  SUR 517, ROCA, Córdoba, Argentina","-31,4200833","-64,1887761","Córdoba, Cordoba, Argentina",Partial Match,Google
ESC.PROV.GRAL SAN MARTIN,ISLAS MALVINAS 219,2,5023,5024,676,9-130,Marcos Juárez,LA ITALIANA,9,130,,,LA ITALIANA,"ISLAS MALVINAS 219, LA ITALIANA, Córdoba, Argentina","-31,4362078","-64,1354511","Carlos Gervasoni 2323, Córdoba, Argentina",Partial Match,Google
ESCUELA N.AVELLANEDA,HIPOLITO YRIGOYEN 476,2,4901,4902,633,9-119,Marcos Juárez,ALEJO LEDESMA,9,119,,,ALEJO LEDESMA,"HIPOLITO YRIGOYEN 476, ALEJO LEDESMA, Córdoba, Argentina","-33,6063675","-62,6241285","Alejo Ledesma, Córdoba, Argentina",Partial Match,Google
ESC.PROV.GRAL SAN MARTIN,AV ITALIA 448,1,5146,5146,322,9-135,Marcos Juárez,CAP.B.O HIGGINS,9,135,,,CAP.B.O HIGGINS,"AV ITALIA 448, CAP.B.O HIGGINS, Córdoba, Argentina","-31,4200833","-64,1887761","Córdoba, Cordoba, Argentina",Partial Match,Google
ESC.PROV.PAULA ALBARRACIN,AV 24 DE SEPTIEMBRE,1,5010,5010,139,9-128A,Marcos Juárez,SALADILLO,9,128A,,,SALADILLO,"AV 24 DE SEPTIEMBRE, SALADILLO, Córdoba, Argentina","-31,4117961","-64,1587375","Av. 24 de Septiembre, Córdoba, Argentina",Partial Match,Google
ESCUELA VICTORIA OCAMPO,CALLE PUBLICA S/N,1,5052,5052,28,9-131A,Marcos Juárez,VILLA ELISA,9,131A,,,VILLA ELISA,"CALLE PUBLICA S/N, VILLA ELISA, Córdoba, Argentina","-32,1641185","-58,400599","Villa Elisa, Entre Rios, Argentina",Partial Match,Google
ESC.ESPECIAL AMANECER,SAAVEDRA 271,6,4796,4801,2034,8-109,Juárez Celman,DEHEZA,8,109,,,DEHEZA,"SAAVEDRA 271, DEHEZA, Córdoba, Argentina","-32,7574275","-63,7873047","General Deheza, Cordoba, Argentina",Partial Match,Google
ESC PROV DOMINGO F SARMIENTO,CARLOS ALBERTO MAYOL S/N,4,4827,4830,1158,8-111,Juárez Celman,HUANCHILLA,8,111,,,HUANCHILLA,"CARLOS ALBERTO MAYOL S/N, HUANCHILLA, Córdoba, Argentina","-33,6656714","-63,6385184","Carlos A Mayol, Huanchillas, Córdoba, Argentina",Partial Match,Google
ESC TTE CNEL J DUATE ARDOY,SARMIENTO 182,4,4792,4795,1064,8-108,Juárez Celman,CHARRAS,8,108,,,CHARRAS,"SARMIENTO 182, CHARRAS, Córdoba, Argentina","-33,0237564","-64,0458745","Charras, Cordoba, Argentina",Partial Match,Google
ESC.DR JUAN MANUEL PEREYRA,SAN MARTIN 626,3,4752,4754,1013,8-105,Juárez Celman,BENGOLEA,8,105,,,BENGOLEA,"SAN MARTIN 626, BENGOLEA, Córdoba, Argentina","-31,4088243","-64,1808706","San Martín 626, Córdoba, Argentina",Partial Match,Google
ESC DOMINGO F SARMIENTO,SRITA BERNARDINA BAIGORRI 229,3,4864,4866,776,8-113,Juárez Celman,LOS CISNES,8,113,,,LOS CISNES,"SRITA BERNARDINA BAIGORRI 229, LOS CISNES, Córdoba, Argentina","-31,3944375","-64,178497","José Baigorri 229, X5001AJE Córdoba, Argentina",Partial Match,Google
ESCUELA PROV.FRENCH Y BERUTTI,25 DE MAYO 135,2,4867,4868,659,8-114,Juárez Celman,OLAETA,8,114,,,OLAETA,"25 DE MAYO 135, OLAETA, Córdoba, Argentina","-33,0450637","-63,9091135","Olaeta, Córdoba, Argentina",Partial Match,Google
"ESC,PROV.M.BELGRANO",12 DE OCTUBRE,1,4826,4826,85,8-110A,Juárez Celman,PACHECO DE MELO,8,110A,,,PACHECO DE MELO,"12 DE OCTUBRE, PACHECO DE MELO, Córdoba, Argentina","-33,7590222","-63,4906649","Pacheco de Melo, Córdoba, Argentina",Partial Match,Google
ESC CARLOS MARIA DE ALVEAR,PUBLICA S/N,1,4825,4825,84,8-110,Juárez Celman,EL RASTREADOR,8,110,,,EL RASTREADOR,"PUBLICA S/N, EL RASTREADOR, Córdoba, Argentina","-31,4632889","-64,2643069","Pública A Sur, Córdoba, Argentina",Partial Match,Google
ESC.PROV.GUIDO SPANO,PUBLICA,2,4713,4714,564,7-96A,Ischilín,OLIVARES SAN NICOLAS,7,96A,,,OLIVARES SAN NICOLAS,"PUBLICA, OLIVARES SAN NICOLAS, Córdoba, Argentina","-31,4200833","-64,1887761","Córdoba, Cordoba, Argentina",Partial Match,Google
ESC LIB GRAL SAN MARTIN,PUBLICA S/N,1,4649,4649,141,7-91B,Ischilín,LOS POZOS,7,91B,,,LOS POZOS,"PUBLICA S/N, LOS POZOS, Córdoba, Argentina","-30,5195067","-64,2528791","Los Pozos, Córdoba, Argentina",Partial Match,Google
ESC.OSVALDO JORGE LEON,COLORADO ESQ CATAMARCA,6,1554,1559,2076,1-10J,Capital,SANTA ISABEL,1,10J,,,Córdoba,"COLORADO ESQ CATAMARCA, Córdoba, Córdoba, Argentina","-31,4734056","-64,2347946","Colorado, Córdoba, Argentina",Partial Match,Google
IPEM 129 HEROES DE MALVINAS,AV PETTIROSSI ESQ NOBILE 1050,6,2003,2008,2069,1-11I,Capital,RESIDENCIAL SAN ROQUE,1,11I,,,Córdoba,"AV PETTIROSSI ESQ NOBILE 1050, Córdoba, Córdoba, Argentina","-31,4304664","-64,2480764","Aviador Pettirossi, Córdoba, Argentina",Partial Match,Google
COLEGIO DEL CARMEN,RECTA MARTINOLI 6385,6,2889,2894,2057,1-14,Capital,ARGUELLO,1,14,,,Córdoba,"RECTA MARTINOLI 6385, Córdoba, Córdoba, Argentina","-31,3487973","-64,2548196","Av. Recta Martinolli 6385, X5021 Córdoba, Argentina",Partial Match,Google
ESC.DR.NICOLAS AVELLANEDA,CNO.S.CARLOS KM. 4 1/2,6,2457,2462,2035,1-12H,Capital,LOS CERVECEROS,1,12H,,,Córdoba,"CNO.S.CARLOS KM. 4 1/2, Córdoba, Córdoba, Argentina","-31,468465","-64,170928","Av. Circunvalación y Camino San Carlos Km 4,5., X5000 Córdoba, Argentina",Partial Match,Google
IPEM 136 DR ALFREDO PALACIOS,CALINGASTA (ESQ TULUMBA) 5800,6,475,480,2029,1-5E,Capital,VILLA BUSTOS,1,5E,,,Córdoba,"CALINGASTA (ESQ TULUMBA) 5800, Córdoba, Córdoba, Argentina","-31,4410461","-64,1110271","Tulumba & Calingasta, Córdoba, Argentina",Partial Match,Google
ESC MUNICIPAL A GASTALDI,S JERONIMO/ALMAGRO 5550,6,362,367,1986,1-5A,Capital,COLONIA LOLA,1,5A,,,Córdoba,"S JERONIMO/ALMAGRO 5550, Córdoba, Córdoba, Argentina","-31,4245217","-64,1160083","San Jerónimo & Almagro, Córdoba, Argentina",Partial Match,Google
ESC ESTANISLAO DEL CAMPO,ESTADOS UNIDOS Y RIO 1° 1208,5,357,361,1699,1-5,Capital,ALTAMIRA,1,5,,,Córdoba,"ESTADOS UNIDOS Y RIO 1° 1208, Córdoba, Córdoba, Argentina","-31,4200833","-64,1887761","Córdoba, Cordoba, Argentina",Partial Match,Google
IPEM 121 PAEZ MOLINA,ORIGONE ESQ CAROLA LORENZINI,5,850,854,1679,1-7F,Capital,JORGE NEWBERY,1,7F,,,Córdoba,"ORIGONE ESQ CAROLA LORENZINI, Córdoba, Córdoba, Argentina","-31,355469","-64,1817707","Carola Lorenzini, Córdoba, Argentina",Partial Match,Google
ESC. CARLOS TAGLE ACHAVAL,CALLE PUBLICA S/N MANZANA 22,5,2869,2873,1406,1-13O,Capital,CHACHAPOYAS,1,13O,,,Córdoba,"CALLE PUBLICA S/N MANZANA 22, Córdoba, Córdoba, Argentina","-31,4200833","-64,1887761","Córdoba, Cordoba, Argentina",Partial Match,Google
ESC MUNIC DR D LATELLA FRIAS,EUSTAQUI DIAZ VELEZ 2500,4,2723,2726,1370,1-13H,Capital,PATRICIOS,1,13H,,,Córdoba,"EUSTAQUI DIAZ VELEZ 2500, Córdoba, Córdoba, Argentina","-31,3680544","-64,1363432","Eustaquio Díaz Vélez 2500, Córdoba, Argentina",Partial Match,Google
ESC LUZ VIEYRA MENDEZ,OB MOSCOSO Y PERALRA 2772,4,3174,3177,1345,1-14M,Capital,VILLA CENTENARIO,1,14M,,,Córdoba,"OB MOSCOSO Y PERALRA 2772, Córdoba, Córdoba, Argentina","-31,3752548","-64,2234786","Obispo Moscoso y Peralta 2772, Córdoba, Argentina",Partial Match,Google
"IPEM 183""PEDRO B.PALACIOS""",REALICO  - 2407,4,1316,1319,1296,1-10D,Capital,CONGRESO,1,10D,,,Córdoba,"REALICO  - 2407, Córdoba, Córdoba, Argentina","-35,0380173","-64,2465744","Realicó, La Pampa, Argentina",Partial Match,Google
J DE INF MAURO FERNANDEZ,GONZALEZ ALBARRACIN Y R ARIAS RSR,2,1991,1992,686,1-11I,Capital,RESIDENCIAL SAN ROQUE,1,11I,,,Córdoba,"GONZALEZ ALBARRACIN Y R ARIAS RSR, Córdoba, Córdoba, Argentina","-31,4293998","-64,2445452","González Albarracín, Córdoba, Argentina",Partial Match,Google
ESC OLEGARIO V ANDRADE,CNO SGO DEL ESTERO KM 7 1/2,2,2845,2846,409,1-13M,Capital,CAMINO A COLONIA TIROLESA,1,13M,,,Córdoba,"CNO SGO DEL ESTERO KM 7 1/2, Córdoba, Córdoba, Argentina","-31,4156907","-64,1764812","Santiago del Estero, Córdoba, Argentina",Partial Match,Google
J DE INF LIBERTADOR SAN MARTIN,SGO MORALES 4400,1,2338,2338,336,1-12E,Capital,FERREYRA,1,12E,,,Córdoba,"SGO MORALES 4400, Córdoba, Córdoba, Argentina","-31,4200833","-64,1887761","Córdoba, Cordoba, Argentina",Partial Match,Google
ESC VAN GELDEREN,CNO CHACRA DE LA MERCED KM 6 1/2,1,578,578,222,1-6B,Capital,CHACRA DE LA MERCED,1,6B,,,Córdoba,"CNO CHACRA DE LA MERCED KM 6 1/2, Córdoba, Córdoba, Argentina","-31,4030535","-64,0966803","Camino Chacra de la Merced, Córdoba, Argentina",Partial Match,Google
ESC FLORENCIO SANCHEZ,RUTA 111 KM 12,1,2546,2546,116,1-13B,Capital,EL GATEADO,1,13B,,,Córdoba,"RUTA 111 KM 12, Córdoba, Córdoba, Argentina","-31,4200833","-64,1887761","Córdoba, Cordoba, Argentina",Partial Match,Google
IPEM 348,RUTA 14 Y CNO A LAS JARILLAS,7,5610,5616,2438,12-156D,Punilla,SAN ANTONIO DE ARREDONDO,12,156D,,,SAN ANTONIO DE ARREDONDO,"RUTA 14 Y CNO A LAS JARILLAS, SAN ANTONIO DE ARREDONDO, Córdoba, Argentina",,,,No Match,Google
ESC ANTARTIDA ARGENTINA,CAMINO A LA CALERA S/N KM 6,11,1750,1760,3707,1-11B,Capital,DON BOSCO,1,11B,,,Córdoba,"CAMINO A LA CALERA S/N KM 6, Córdoba, Córdoba, Argentina",,,,No Match,Google
ESC JOSE DE SAN MARTIN,RIVADAVIA 768,8,6493,6500,2738,15-229,Río Seco,VILLA DE MARIA,15,229,,,VILLA DE MARIA,"RIVADAVIA 768, VILLA DE MARIA, Córdoba, Argentina","-29,9051418","-63,7215406","Rivadavia, Villa de María, Córdoba, Argentina",Match,Google
ESC.PROV. CNEL. A.H.CARPANI,MAESTRO PIÑA 279,8,6485,6492,2617,15-228,Río Seco,SEBASTIAN ELCANO,15,228,,,SEBASTIAN ELCANO,"MAESTRO PIÑA 279, SEBASTIAN ELCANO, Córdoba, Argentina","-30,1591082","-63,5922011","Maestro Piña, Sebastian Elcano, Córdoba, Argentina",Match,Google
ESC.PROV.GRAL SAN MARTIN,MAIPU 150,9,4657,4665,3103,7-95,Ischilín,DEAN FUNES,7,95,,,DEAN FUNES,"MAIPU 150, DEAN FUNES, Córdoba, Argentina","-30,4189962","-64,3497482","Maipú 150, Dean Funes, Córdoba, Argentina",Match,Google
ESC.PEDRO N.ARIAS,CORDOBA 87,11,4676,4686,3803,7-95,Ischilín,DEAN FUNES,7,95,,,DEAN FUNES,"CORDOBA 87, DEAN FUNES, Córdoba, Argentina","-30,4222963","-64,3527476","Córdoba 87, X5200 Dean Funes, Córdoba, Argentina",Match,Google
ESC.A.M.SOBRAL,SANTIAGO DEL ESTERO Y LAS HERAS,9,4697,4705,3104,7-95,Ischilín,DEAN FUNES,7,95,,,DEAN FUNES,"SANTIAGO DEL ESTERO Y LAS HERAS, DEAN FUNES, Córdoba, Argentina","-30,4294887","-64,3421267","Santiago del Estero, Dean Funes, Córdoba, Argentina",Match,Google
ESC PROV BARTOLOME MITRE,BV.ALLENDE 782,11,8303,8313,3739,24-359,Totoral,VILLA DEL TOTORAL,24,359,,,VILLA DEL TOTORAL,"BV.ALLENDE 782, VILLA DEL TOTORAL, Córdoba, Argentina","-30,7060487","-64,0682682","Boulevard Allende 782, Villa del Totoral, Córdoba, Argentina",Match,Google
ESCUELA CRISTO REY,BV 9 DE JULIO 1008,10,7437,7446,3427,20-304,San Justo,MORTEROS,20,304,,,MORTEROS,"BV 9 DE JULIO 1008, MORTEROS, Córdoba, Argentina","-30,7127777","-62,0069273","Bv. 9 de Julio 1008, Morteros, Córdoba, Argentina",Match,Google
COLEGIO NACIONAL MIXTO,DORREGO 859,15,7411,7425,5156,20-304,San Justo,MORTEROS,20,304,,,MORTEROS,"DORREGO 859, MORTEROS, Córdoba, Argentina","-30,7164084","-61,9965732","Dorrego, Morteros, Córdoba, Argentina",Match,Google
INST ALBERTO IN AEBNIT,SERAFIN RESTA 223,7,7447,7453,2396,20-304,San Justo,MORTEROS,20,304,,,MORTEROS,"SERAFIN RESTA 223, MORTEROS, Córdoba, Argentina","-30,7213034","-62,0082833","Serafín Resta, Morteros, Córdoba, Argentina",Match,Google
ESC.PROV.D.F.SARMIENTO,IRIGOYEN 247,13,4088,4100,4492,4-44,Cruz del Eje,CRUZ DEL EJE,4,44,,,CRUZ DEL EJE,"IRIGOYEN 247, CRUZ DEL EJE, Córdoba, Argentina","-30,7226427","-64,8068478","Hipólito Yrigoyen 247, X5280HKE Cruz del Eje, Córdoba, Argentina",Match,Google
IPEM 273 M. BELGRANO,PELLEGRINI 445,13,4129,4141,4493,4-44,Cruz del Eje,CRUZ DEL EJE,4,44,,,CRUZ DEL EJE,"PELLEGRINI 445, CRUZ DEL EJE, Córdoba, Argentina","-30,7243515","-64,8091041","Av. Pellegrini 445, Cruz del Eje, Córdoba, Argentina",Match,Google
ESC.E. BAVIO,PELLEGRINI 150,13,4101,4113,4498,4-44,Cruz del Eje,CRUZ DEL EJE,4,44,,,CRUZ DEL EJE,"PELLEGRINI 150, CRUZ DEL EJE, Córdoba, Argentina","-30,7264631","-64,8065492","Av. Pellegrini 150, Cruz del Eje, Córdoba, Argentina",Match,Google
COLEGIO NTA.SRA.DEL VALLE,SARMIENTO 121,6,4082,4087,2079,4-44,Cruz del Eje,CRUZ DEL EJE,4,44,,,CRUZ DEL EJE,"SARMIENTO 121, CRUZ DEL EJE, Córdoba, Argentina","-30,7280936","-64,8035221","Sarmiento 121, Cruz del Eje, Córdoba, Argentina",Match,Google
ESCUELA NORMAL,SARMIENTO 1155,15,4114,4128,5196,4-44,Cruz del Eje,CRUZ DEL EJE,4,44,,,CRUZ DEL EJE,"SARMIENTO 1155, CRUZ DEL EJE, Córdoba, Argentina","-30,7347779","-64,7931007","Sarmiento 1155, X5280AGU Cruz del Eje, Córdoba, Argentina",Match,Google
ESCUELA R.GUTIERREZ,GENERAL PAZ 788,8,6398,6405,2451,14-213,Río Primero,OBISPO TREJO,14,213,,,OBISPO TREJO,"GENERAL PAZ 788, OBISPO TREJO, Córdoba, Argentina","-30,7823184","-63,4128382","General Paz 788, Obispo Trejo, Córdoba, Argentina",Match,Google
ESC PROV PTE ROQUE SAENZ PEÑA,LIBERTAD 1043,8,4173,4180,2658,4-54,Cruz del Eje,SAN MARCOS SIERRAS,4,54,,,SAN MARCOS SIERRAS,"LIBERTAD 1043, SAN MARCOS SIERRAS, Córdoba, Argentina","-30,7834053","-64,6376041","Libertad 1043, X5282AJK San Marcos Sierras, Córdoba, Argentina",Match,Google
ESC GRAL JOSE DE SAN MARTIN,SARMIENTO 380,9,5229,5237,3061,12-148,Punilla,CAPILLA DEL MONTE,12,148,,,CAPILLA DEL MONTE,"SARMIENTO 380, CAPILLA DEL MONTE, Córdoba, Argentina","-30,8562016","-64,5266629","Sarmiento 380, X5184 Capilla del Monte, Córdoba, Argentina",Match,Google
ESC.PADRE B.DE LAS CASAS,25 DE MAYO 31,9,4191,4199,3016,4-56,Cruz del Eje,SOTO,4,56,,,SOTO,"25 DE MAYO 31, SOTO, Córdoba, Argentina","-30,8567242","-64,9923602","25 de Mayo 220, Villa de Soto, Córdoba, Argentina",Match,Google
IPEM N° 279,HIPOLITO YRIGOYEN 450,13,5238,5250,4420,12-148,Punilla,CAPILLA DEL MONTE,12,148,,,CAPILLA DEL MONTE,"HIPOLITO YRIGOYEN 450, CAPILLA DEL MONTE, Córdoba, Argentina","-30,8572212","-64,5276934","Hipólito Yrigoyen 450, X5184 Capilla del Monte, Córdoba, Argentina",Match,Google
ESC ESP JUAN MANUEL FERNANDEZ,AV PUEYRREDON 131,10,5251,5260,3399,12-148,Punilla,CAPILLA DEL MONTE,12,148,,,CAPILLA DEL MONTE,"AV PUEYRREDON 131, CAPILLA DEL MONTE, Córdoba, Argentina","-30,8574974","-64,5213575","Pueyrredón 131, X5184AAB Capilla del Monte, Córdoba, Argentina",Match,Google
ESC 25 DE MAYO,25 DE MAYO 975,10,7233,7242,3385,20-282,San Justo,BRINKMANN,20,282,,,BRINKMANN,"25 DE MAYO 975, BRINKMANN, Córdoba, Argentina","-30,8618908","-62,0376497","25 de Mayo 975, Brinkmann, Córdoba, Argentina",Match,Google
COLEGIO MANUEL BELGRANO,AV SEEBER 317,7,7226,7232,2365,20-282,San Justo,BRINKMANN,20,282,,,BRINKMANN,"AV SEEBER 317, BRINKMANN, Córdoba, Argentina","-30,8684217","-62,0312303","Avenida Seeber 317, Brinkmann, Córdoba, Argentina",Match,Google
ESC.PROV.J.L.DE CABRERA,INDEPENDENCIA 288,7,7404,7410,2208,20-303,San Justo,MIRAMAR,20,303,,,MIRAMAR,"INDEPENDENCIA 288, MIRAMAR, Córdoba, Argentina","-30,9189833","-62,6731527","Independencia 288, Miramar, Córdoba, Argentina",Match,Google
ESCUELA DR. PABLO RUEDA,LA GRANJA,6,3395,3400,2045,3-27,Colón,ASCOCHINGA,3,27,,,ASCOCHINGA,"LA GRANJA, ASCOCHINGA, Córdoba, Argentina","-30,9422889","-64,276993","Ascochinga, Cordoba, Argentina",Match,Google
ESC PROV GRAL SAN MARTIN,RUTA PROVINCIAL N°15 S/N,2,4155,4156,500,4-48,Cruz del Eje,LA HIGUERA,4,48,,,LA HIGUERA,"RUTA PROVINCIAL N°15 S/N, LA HIGUERA, Córdoba, Argentina","-30,9579327","-65,0660546","S/N, RP15 15, Córdoba, Argentina",Match,Google
"ESC,N°21 GENDARMERIA NACIONAL",25 DE MAYO 125,10,3668,3677,3472,3-33,Colón,JESUS MARIA,3,33,,,JESUS MARIA,"25 DE MAYO 125, JESUS MARIA, Córdoba, Argentina","-30,9771822","-64,0914242","25 de Mayo 125, Jesus María, Córdoba, Argentina",Match,Google
COL.NTA.SRA. DEL HUERTO,VTE AGUERO 23,7,3661,3667,2420,3-33,Colón,JESUS MARIA,3,33,,,JESUS MARIA,"VTE AGUERO 23, JESUS MARIA, Córdoba, Argentina","-30,9774895","-64,0895311","Calle España 121, Jesus María, Córdoba, Argentina",Match,Google
ESC JOSEFA MARIA BUSTOS,ALBERDI 277,7,5375,5381,2400,12-153,Punilla,LA CUMBRE,12,153,,,LA CUMBRE,"ALBERDI 277, LA CUMBRE, Córdoba, Argentina","-30,9820567","-64,4908278","Alberdi 277, La Cumbre, Córdoba, Argentina",Match,Google
ESC.DR. J.M.ESTRADA N° 221,CATAMARCA Y ESTRADA,13,3621,3633,4511,3-33,Colón,JESUS MARIA,3,33,,,JESUS MARIA,"CATAMARCA Y ESTRADA, JESUS MARIA, Córdoba, Argentina","-30,9827614","-64,1037932","Calle José Estrada & Catamarca, Jesus María, Córdoba, Argentina",Match,Google
INSTITUTO GRAL SAN MARTIN,9 DE JULIO 564,8,5367,5374,2742,12-153,Punilla,LA CUMBRE,12,153,,,LA CUMBRE,"9 DE JULIO 564, LA CUMBRE, Córdoba, Argentina","-30,9837951","-64,4882278","9 De Julio 564, La Cumbre, Córdoba, Argentina",Match,Google
COLEGIO PIO LEON,AV 28 DE JULIO 345,12,3501,3512,4161,3-29,Colón,COLONIA CAROYA,3,29,,,COLONIA CAROYA,"AV 28 DE JULIO 345, COLONIA CAROYA, Córdoba, Argentina","-30,9859398","-64,1036492","Av 28 de Julio 342, Jes�s Mar�a, Cordoba, Argentina",Match,Google
ESC.PROV. M. BELGRANO,COSEANI SUR 701,10,3513,3522,3463,3-29,Colón,COLONIA CAROYA,3,29,,,COLONIA CAROYA,"COSEANI SUR 701, COLONIA CAROYA, Córdoba, Argentina","-31,0063072","-64,0883368","Calle R Coseani Sur 701, Córdoba, Argentina",Match,Google
ESC PROV 9 DE JULIO,AV CORDOBA 117,7,7468,7474,2386,20-305,San Justo,PORTEÑA,20,305,,,PORTEÑA,"AV CORDOBA 117, PORTEÑA, Córdoba, Argentina","-31,0119275","-62,0743157","Av. Córdoba, Porteña, Córdoba, Argentina",Match,Google
ESC. PRESBITERO BONORIS,AV SAN MARTIN 3782,11,3533,3543,3781,3-29,Colón,COLONIA CAROYA,3,29,,,COLONIA CAROYA,"AV SAN MARTIN 3782, COLONIA CAROYA, Córdoba, Argentina","-31,0204358","-64,0627321","Av. San Martín 3782, Col. Caroya, Córdoba, Argentina",Match,Google
ESC. PROV. GRAL SAN MARTIN,MAESTRA OLGA PROSDOCIMO 3580,10,3523,3532,3457,3-29,Colón,COLONIA CAROYA,3,29,,,COLONIA CAROYA,"MAESTRA OLGA PROSDOCIMO 3580, COLONIA CAROYA, Córdoba, Argentina","-31,0208888","-64,0660843","Calle Maestra Prosdocimo 3580, Col. Caroya, Córdoba, Argentina",Match,Google
IPEM N° 339,LOS COCOS ESQ PEPERINA,7,5344,5350,2302,12-152A,Punilla,VILLA GIARDINO,12,152A,,,VILLA GIARDINO,"LOS COCOS ESQ PEPERINA, VILLA GIARDINO, Córdoba, Argentina","-31,0529689","-64,4954452","Los Cocos & Peperina, Villa Giardino, Córdoba, Argentina",Match,Google
INST SECUNDARIO AGUA DE ORO,AV BELGRANO S/N,3,3582,3584,933,3-31A,Colón,AGUA DE ORO,3,31A,,,AGUA DE ORO,"AV BELGRANO S/N, AGUA DE ORO, Córdoba, Argentina","-31,0586645","-64,2932602","Av. Gral. Belgrano, Agua de Oro, Córdoba, Argentina",Match,Google
ESC.PROV.V.MERCANTE,AGUA DE ORO,5,3577,3581,1552,3-31A,Colón,AGUA DE ORO,3,31A,,,AGUA DE ORO,"AGUA DE ORO, AGUA DE ORO, Córdoba, Argentina","-31,0621897","-64,3003714","Agua de Oro, Cordoba, Argentina",Match,Google
ESC.PROV.A.ARGENTINA,EL MANZANO SOBRE RUTA E 53,4,3573,3576,1243,3-31,Colón,EL MANZANO,3,31,,,EL MANZANO,"EL MANZANO SOBRE RUTA E 53, EL MANZANO, Córdoba, Argentina","-31,0778858","-64,2944944","E53, El Manzano, Córdoba, Argentina",Match,Google
LOCAL COMUNAL,VILLA CERRO AZUL,2,3585,3586,390,3-31B,Colón,VILLA CERRO AZUL,3,31B,,,VILLA CERRO AZUL,"VILLA CERRO AZUL, VILLA CERRO AZUL, Córdoba, Argentina","-31,084896","-64,309776","Villa Cerro Azul, Córdoba, Argentina",Match,Google
ESC MATEO J MOLINA,AV EDEN 445,10,5400,5409,3415,12-154,Punilla,LA FALDA,12,154,,,LA FALDA,"AV EDEN 445, LA FALDA, Córdoba, Argentina","-31,0930029","-64,4819741","Av. Eden 445, La Falda, Córdoba, Argentina",Match,Google
INST.NTA.SRA. DEL CALVARIO,SAN MARTIN 12,9,5688,5696,3033,12-159,Punilla,VALLE HERMOSO,12,159,,,VALLE HERMOSO,"SAN MARTIN 12, VALLE HERMOSO, Córdoba, Argentina","-31,0942204","-64,487205","Diagonal San Martín 12, La Falda, Córdoba, Argentina",Match,Google
IPEM N° 335,GOBERNADOR NUÑEZ 73,8,5680,5687,2692,12-159,Punilla,VALLE HERMOSO,12,159,,,VALLE HERMOSO,"GOBERNADOR NUÑEZ 73, VALLE HERMOSO, Córdoba, Argentina","-31,1214512","-64,4812553","Gdor. Núñez, Valle Hermoso, Córdoba, Argentina",Match,Google
ESC.PROV. J.MALDONADO,DESIDERIO TORRES 360,12,3826,3837,4158,3-38,Colón,SALSIPUEDES,3,38,,,SALSIPUEDES,"DESIDERIO TORRES 360, SALSIPUEDES, Córdoba, Argentina","-31,1372618","-64,2984952","Desiderio Torres, Córdoba, Argentina",Match,Google
INST SECUNDARIO SALSIPUEDES,AV BELGRANO 178,8,3818,3825,2776,3-38,Colón,SALSIPUEDES,3,38,,,SALSIPUEDES,"AV BELGRANO 178, SALSIPUEDES, Córdoba, Argentina","-31,1376721","-64,2947196","Av. Belgrano 178, Córdoba, Argentina",Match,Google
ESCUELA RECONQUISTA,CERRITO,7,3838,3844,2423,3-38,Colón,SALSIPUEDES,3,38,,,SALSIPUEDES,"CERRITO, SALSIPUEDES, Córdoba, Argentina","-31,1382294","-64,2898988","Cerrito, Córdoba, Argentina",Match,Google
INST DEL SANTISIMO ROSARIO,SAN MARTIN 756,7,6437,6443,2369,14-220,Río Primero,VILLA SANTA ROSA,14,220,,,VILLA SANTA ROSA,"SAN MARTIN 756, VILLA SANTA ROSA, Córdoba, Argentina","-31,1530393","-63,4039643","San Martin 756, Villa Santa Rosa, Córdoba, Argentina",Match,Google
ESC PBRO JOSE G BROCHERO,SANTA ROSA,7,6444,6450,2361,14-220,Río Primero,VILLA SANTA ROSA,14,220,,,VILLA SANTA ROSA,"SANTA ROSA, VILLA SANTA ROSA, Córdoba, Argentina","-31,1534602","-63,3994554","Santa Rosa de Río Primero, Cordoba, Argentina",Match,Google
COLEGIO NAC. DR.D.V. SARSFIELD,SANTA ROSA,6,3375,3380,2059,2-26,Calamuchita,SANTA ROSA,2,26,,,SANTA ROSA,"SANTA ROSA, SANTA ROSA, Córdoba, Argentina","-31,1534602","-63,3994554","Santa Rosa de Río Primero, Cordoba, Argentina",Match,Google
INSTITUTO EL SALVADOR,BELGRANO 301,8,6451,6458,2703,14-220,Río Primero,VILLA SANTA ROSA,14,220,,,VILLA SANTA ROSA,"BELGRANO 301, VILLA SANTA ROSA, Córdoba, Argentina","-31,1563712","-63,4009611","Gral. Manuel Belgrano 301, Villa Santa Rosa, Córdoba, Argentina",Match,Google
ESC FLORENTINO AMEGHINO,AV BELGRANO 169,10,7303,7312,3418,20-291,San Justo,FREYRE,20,291,,,FREYRE,"AV BELGRANO 169, FREYRE, Córdoba, Argentina","-31,164217","-62,0987274","Av. Belgrano 169, Freyre, Córdoba, Argentina",Match,Google
COL STA TERESITA DEL N JESUS,BV 12 DE OCTUBRE 681,8,7295,7302,2728,20-291,San Justo,FREYRE,20,291,,,FREYRE,"BV 12 DE OCTUBRE 681, FREYRE, Córdoba, Argentina","-31,1661248","-62,0955957","12 de Octubre 681, Freyre, Córdoba, Argentina",Match,Google
INSTITUTO DEL ESPIRITU SANTO,AV. SAN MARTIN 5109,12,3797,3808,4105,3-37,Colón,RIO CEBALLOS,3,37,,,RIO CEBALLOS,"AV. SAN MARTIN 5109, RIO CEBALLOS, Córdoba, Argentina","-31,1665899","-64,321788","Av. San Martín 5109, Córdoba, Argentina",Match,Google
ESC.PROV.M.FRAGUEIRO,AVENIDA SAN MARTIN 4519,13,3772,3784,4462,3-37,Colón,RIO CEBALLOS,3,37,,,RIO CEBALLOS,"AVENIDA SAN MARTIN 4519, RIO CEBALLOS, Córdoba, Argentina","-31,1700899","-64,3173796","Av. San Martín 4519, Córdoba, Argentina",Match,Google
IPEM N° 352,NICANOR CEBALLOS,14,3758,3771,4797,3-37,Colón,RIO CEBALLOS,3,37,,,RIO CEBALLOS,"NICANOR CEBALLOS, RIO CEBALLOS, Córdoba, Argentina","-31,1706256","-64,3212343","Nicanor, Mariano Ceballos S/N, Córdoba, Argentina",Match,Google
I.P.E.M. N° 23,SPILIMBERGO 869,9,3864,3872,3118,3-40,Colón,UNQUILLO,3,40,,,UNQUILLO,"SPILIMBERGO 869, UNQUILLO, Córdoba, Argentina","-31,2320645","-64,3154257","Av. Lino E. Spilimbergo 869, X5109AUO Unquillo, Córdoba, Argentina",Match,Google
ESC NORMAL SUP R SAENZ PEÑA,SAN MARTIN 394,8,5292,5299,2759,12-150,Punilla,COSQUIN,12,150,,,COSQUIN,"SAN MARTIN 394, COSQUIN, Córdoba, Argentina","-31,2369049","-64,4641617","Av. San Martin 394, Cosquín, Córdoba, Argentina",Match,Google
ESC.PROV. D.V.SARSFIELD,SARMIENTO Y VELEZ SARSFIELD,9,3855,3863,3116,3-40,Colón,UNQUILLO,3,40,,,UNQUILLO,"SARMIENTO Y VELEZ SARSFIELD, UNQUILLO, Córdoba, Argentina","-31,2372054","-64,3099749","Vélez Sársfield 202-264, Unquillo, Córdoba, Argentina",Match,Google
INST.PARROQ.NTA.SRA DE LOURDES,JUAN MILICH,11,3888,3898,3814,3-40,Colón,UNQUILLO,3,40,,,UNQUILLO,"JUAN MILICH, UNQUILLO, Córdoba, Argentina","-31,2374087","-64,3108907","Juan E Milich s/n, Unquillo, Córdoba, Argentina",Match,Google
COLEGIO PARROQUIAL PIO XII,OBISPO BUSTOS 816,11,5264,5274,3787,12-150,Punilla,COSQUIN,12,150,,,COSQUIN,"OBISPO BUSTOS 816, COSQUIN, Córdoba, Argentina","-31,2377489","-64,4656391","Obispo Bustos 816, Cosquín, Córdoba, Argentina",Match,Google
INST.NTA.SRA.DE LAS MERCEDES,AZOPARDO 200,9,3846,3854,3123,3-40,Colón,UNQUILLO,3,40,,,UNQUILLO,"AZOPARDO 200, UNQUILLO, Córdoba, Argentina","-31,2382413","-64,3130031","Azopardo 200, Unquillo, Córdoba, Argentina",Match,Google
IPEM N°157-PTE SARMIENTO,P CARRANZA 940,8,5284,5291,2761,12-150,Punilla,COSQUIN,12,150,,,COSQUIN,"P CARRANZA 940, COSQUIN, Córdoba, Argentina","-31,2413562","-64,4677566","P. Carranza 940, Cosquín, Córdoba, Argentina",Match,Google
ESC TTE GRAL JULIO A ROCA,SAN MARTIN Y SARMIENTO S/N,13,5300,5312,4475,12-150,Punilla,COSQUIN,12,150,,,COSQUIN,"SAN MARTIN Y SARMIENTO S/N, COSQUIN, Córdoba, Argentina","-31,2436921","-64,4653604","Plaza San Martín COSQUÍN, Salta 500, X5022AIL Córdoba, Argentina",Match,Google
ESC ESP DR J REYES CONTRERAS,MONS DE ANDREA 2300,10,5313,5322,3447,12-150,Punilla,COSQUIN,12,150,,,COSQUIN,"MONS DE ANDREA 2300, COSQUIN, Córdoba, Argentina","-31,2521675","-64,4661946","Monseñor de Andrea, Cosquín, Córdoba, Argentina",Match,Google
IPEM N°60 M MORENO(EX IPET 13),PALEMON CARRANZA 1085,9,5275,5283,3105,12-150,Punilla,COSQUIN,12,150,,,COSQUIN,"PALEMON CARRANZA 1085, COSQUIN, Córdoba, Argentina","-31,2573467","-64,4696562","Palemon Carranza 1085, Cosquín, Córdoba, Argentina",Match,Google
ESC.PROV. D.F.SARMIENTO,MALVINAS ARGENTINAS Y SARMIENTO,11,3911,3921,3764,3-40A,Colón,MENDIOLAZA,3,40A,,,MENDIOLAZA,"MALVINAS ARGENTINAS Y SARMIENTO, MENDIOLAZA, Córdoba, Argentina","-31,2670234","-64,3031915","Avenida Malvinas Argentinas & Sarmiento, Mendiolaza, Córdoba, Argentina",Match,Google
INST. SEC. ORIENTACION REGIONA,VILLA BUSTOS,9,5635,5643,3045,12-157,Punilla,SANTA MARIA,12,157,,,SANTA MARIA,"VILLA BUSTOS, SANTA MARIA, Córdoba, Argentina","-31,2674893","-64,4880925","Villa Bustos, Córdoba, Argentina",Match,Google
I.P.E.M.N° 3178,AV MALVINAS ARGENTIAS 1104,12,3922,3933,4099,3-40A,Colón,MENDIOLAZA,3,40A,,,MENDIOLAZA,"AV MALVINAS ARGENTIAS 1104, MENDIOLAZA, Córdoba, Argentina","-31,2739531","-64,294647","Av. Malvinas Argentinas 1104, Mendiolaza, Córdoba, Argentina",Match,Google
IPET 333 JULIO SALUSSO,LOS CLAVELES 196,6,3708,3713,2046,3-34,Colón,JUAREZ CELMAN,3,34,,,JUAREZ CELMAN,"LOS CLAVELES 196, JUAREZ CELMAN, Córdoba, Argentina","-31,2788342","-64,16441","Los Claveles, Juárez Celman, Córdoba, Argentina",Match,Google
IPEM 130 RAUL DEL LLANO,DERQUI 635,9,4014,4022,3119,3-41,Colón,VILLA ALLENDE,3,41,,,VILLA ALLENDE,"DERQUI 635, VILLA ALLENDE, Córdoba, Argentina","-31,282512","-64,298874","Santiago Derqui 635, X5105 Villa Allende, Córdoba, Argentina",Match,Google
COLEGIO MARYLAND,GUEMES ESQ ALBERTI,10,3934,3943,3459,3-41,Colón,VILLA ALLENDE,3,41,,,VILLA ALLENDE,"GUEMES ESQ ALBERTI, VILLA ALLENDE, Córdoba, Argentina","-31,288181","-64,2981173","Alberti & Güemes, X5105 Villa Allende, Córdoba, Argentina",Match,Google
INST GRAL S.MARTIN/17 DE AGOST,25 DE MAYO ESQ. TABLADA,27,3977,4003,9314,3-41,Colón,VILLA ALLENDE,3,41,,,VILLA ALLENDE,"25 DE MAYO ESQ. TABLADA, VILLA ALLENDE, Córdoba, Argentina","-31,2928004","-64,2956241","Tablada & 25 de Mayo, X5105 Villa Allende, Córdoba, Argentina",Match,Google
ESC.PROV. J.DE SAN MARTIN,GOYCOECHEA 150,13,3944,3956,4502,3-41,Colón,VILLA ALLENDE,3,41,,,VILLA ALLENDE,"GOYCOECHEA 150, VILLA ALLENDE, Córdoba, Argentina","-31,295352","-64,2972418","Av. Goycoechea 150, X5105 Villa Allende, Córdoba, Argentina",Match,Google
INSTITUTO PAULA A.DE SARMIENTO,LAPRIDA/GONZALEZ 72,8,3969,3976,2770,3-41,Colón,VILLA ALLENDE,3,41,,,VILLA ALLENDE,"LAPRIDA/GONZALEZ 72, VILLA ALLENDE, Córdoba, Argentina","-31,2971378","-64,2985224","Joaquín V. González 72, X5105CLB Villa Allende, Córdoba, Argentina",Match,Google
INSTITUTO NTA.SRA. DE LUJAN,AV.SAN MARTIN 1070,10,4004,4013,3442,3-41,Colón,VILLA ALLENDE,3,41,,,VILLA ALLENDE,"AV.SAN MARTIN 1070, VILLA ALLENDE, Córdoba, Argentina","-31,3023705","-64,305171","Av. San Martín 1070, Villa Allende, Córdoba, Argentina",Match,Google
ESC DR BIALET MASSE,ROQUE SAENZ PEÑA 91,8,5209,5216,2653,12-147,Punilla,BIALET MASSE,12,147,,,BIALET MASSE,"ROQUE SAENZ PEÑA 91, BIALET MASSE, Córdoba, Argentina","-31,309112","-64,4613818","Av. Roque Sáenz Peña 91, Córdoba, Argentina",Match,Google
ESC  UNESCO,JUAN B JUSTO/AV N SRA D LOS MILAGROS,14,674,687,4684,1-7A,Capital,GUIÑAZU,1,7A,,,Córdoba,"JUAN B JUSTO/AV N SRA D LOS MILAGROS, Córdoba, Córdoba, Argentina","-31,3130814","-64,1759929","Ntra Sra de los Milagros & Av. Juan B. Justo, Guiñazu, Córdoba, Argentina",Match,Google
JARDIN NOGAL HISTORICO,25 DE MAYO 109,2,4023,4024,694,3-41A,Colón,SALDAN,3,41A,,,SALDAN,"25 DE MAYO 109, SALDAN, Córdoba, Argentina","-31,3139639","-64,3101512","25 de Mayo 109, Córdoba, Argentina",Match,Google
ESC MUNIC DR RAUL FERNANDEZ,CRUZ ALTA 8500,8,3124,3131,2629,1-14K,Capital,VILLA ALLENDE PARQUE,1,14K,,,Córdoba,"CRUZ ALTA 8500, Córdoba, Córdoba, Argentina","-31,3141446","-64,2846381","Cruz Alta 8500, X5018 Córdoba, Argentina",Match,Google
ESC.DE COMERCIO J.M.PAZ,VELEZ SARSFIELD 647,14,4040,4053,4870,3-41A,Colón,SALDAN,3,41A,,,SALDAN,"VELEZ SARSFIELD 647, SALDAN, Córdoba, Argentina","-31,3147325","-64,3069706","Vélez Sarsfield 647, Córdoba, Argentina",Match,Google
ESC MUNIC DR HORACIO GARCIA,TABACUE 9162,8,3178,3185,2598,1-14N,Capital,VILLA CORNU,1,14N,,,Córdoba,"TABACUE 9162, Córdoba, Córdoba, Argentina","-31,3164129","-64,2669083","Tabacué 9162, Córdoba, Argentina",Match,Google
ESCUELA DANDELION,9 DE JULIO 362,5,4054,4058,1745,3-41A,Colón,SALDAN,3,41A,,,SALDAN,"9 DE JULIO 362, SALDAN, Córdoba, Argentina","-31,3186155","-64,3084915","9 de Julio 362, Córdoba, Argentina",Match,Google
ESC ARTEMIO ARAN,JACINTO YABEN 6500,10,3070,3079,3281,1-14H,Capital,MERCANTIL,1,14H,,,Córdoba,"JACINTO YABEN 6500, Córdoba, Córdoba, Argentina","-31,3194452","-64,2562805","Jacinto Yaben 6500, Córdoba, Argentina",Match,Google
ESC JAVIER VILLAFAÑE,MANUEL CALVIÑO ESQ MARIMON,7,2941,2947,2430,1-14A,Capital,ARGUELLO NORTE,1,14A,,,Córdoba,"MANUEL CALVIÑO ESQ MARIMON, Córdoba, Córdoba, Argentina","-31,3251429","-64,254094","Manuel Calviño & Domingo Marimon, Córdoba, Argentina",Match,Google
ESC BRIG SAN MARTIN,DOMINGO MARIMON/GABRIEL ORTEGA,13,2895,2907,4513,1-14A,Capital,ARGUELLO NORTE,1,14A,,,Córdoba,"DOMINGO MARIMON/GABRIEL ORTEGA, Córdoba, Córdoba, Argentina","-31,3251574","-64,2572772","Gabriel Ortega & Domingo Marimon, Córdoba, Argentina",Match,Google
ESC NIÑAS DE AYOHUMA,VALERIO BETA 7300,9,3008,3016,3116,1-14E,Capital,CERRO NORTE,1,14E,,,Córdoba,"VALERIO BETA 7300, Córdoba, Córdoba, Argentina","-31,3256003","-64,2623309","Valerio Beta 7300, Córdoba, Argentina",Match,Google
ESC MUNIC SAUL TABORDA,COQUENA 7985,7,3201,3207,2429,1-14O,Capital,VILLA 9 DE JULIO,1,14O,,,Córdoba,"COQUENA 7985, Córdoba, Córdoba, Argentina","-31,3287118","-64,2734497","Coquena 7985, Córdoba, Argentina",Match,Google
INSTITUTO LEON XIII,AV BODEREAU 7850,9,3192,3200,3125,1-14O,Capital,VILLA 9 DE JULIO,1,14O,,,Córdoba,"AV BODEREAU 7850, Córdoba, Córdoba, Argentina","-31,3305529","-64,2871732","Av. Agrim Enrique Bodereau 7850, X5018 Córdoba, Argentina",Match,Google
ESC MARTHA A SALOTTI,JULIO BEJANELLE 6200,12,2929,2940,4160,1-14A,Capital,ARGUELLO NORTE,1,14A,,,Córdoba,"JULIO BEJANELLE 6200, Córdoba, Córdoba, Argentina","-31,3318803","-64,254499","Julio Bejanele 6200, Córdoba, Argentina",Match,Google
ESC HUGO LEONELLI,ALBERTO FAGE/JULIO BEJANELE,9,2920,2928,3121,1-14A,Capital,ARGUELLO NORTE,1,14A,,,Córdoba,"ALBERTO FAGE/JULIO BEJANELE, Córdoba, Córdoba, Argentina","-31,3335441","-64,2520122","Alberto Fage & Julio Tristany, Córdoba, Argentina",Match,Google
ESC.PROV.J.V.RECLA,CANTERAS,1,4648,4648,23,7-91A,Ischilín,CANTERAS,7,91A,,,CANTERAS,"CANTERAS, CANTERAS, Córdoba, Argentina","-31,3347576","-64,3290503","Camino a la Laguna Azul S/N, X5151 La Calera, Córdoba, Argentina",Match,Google
INST  LA INMACULADA,LEON XIII 8626,15,2969,2983,5029,1-14C,Capital,ARGUELLO SEGUNDO,1,14C,,,Córdoba,"LEON XIII 8626, Córdoba, Córdoba, Argentina","-31,3353612","-64,2860881","León XIII 8626, Córdoba, Argentina",Match,Google
ESC RICARDO NASSIF,MARTIN FERMIN 7400,12,2908,2919,4166,1-14A,Capital,ARGUELLO NORTE,1,14A,,,Córdoba,"MARTIN FERMIN 7400, Córdoba, Córdoba, Argentina","-31,3355065","-64,2465326","Fermin Martin 7400, Córdoba, Argentina",Match,Google
ESC JAVIER LAZCANO COLODRERO,RAIMUNDO CAPARROZ 7309,9,3033,3041,2995,1-14F,Capital,GRANJA DE FUNES,1,14F,,,Córdoba,"RAIMUNDO CAPARROZ 7309, Córdoba, Córdoba, Argentina","-31,3356951","-64,2589201","Calle Raimundo Caparros 7309, Córdoba, Argentina",Match,Google
ESC MARTIN DE GÜEMES,MONTUFAR Y CORONADO 7126,8,2948,2955,2685,1-14B,Capital,ARGUELLO PRIMERO,1,14B,,,Córdoba,"MONTUFAR Y CORONADO 7126, Córdoba, Córdoba, Argentina","-31,3385427","-64,2701681","Montufar y Coronado 7126, X5021 Córdoba, Argentina",Match,Google
ESC MUNIC ING MASJOAN,SANTA CATALINA Y LOS SICILIANOS,9,3042,3050,3031,1-14G,Capital,LOS BOULEVARES,1,14G,,,Córdoba,"SANTA CATALINA Y LOS SICILIANOS, Córdoba, Córdoba, Argentina","-31,3394459","-64,2198191","De los Sicilianos & Sta Catalina, Córdoba, Argentina",Match,Google
INSTITUTO D.F.SARMIENTO,BELGRANO 711,18,3421,3438,6191,3-28,Colón,CALERA,3,28,,,La Calera,"BELGRANO 711, La Calera, Córdoba, Argentina","-31,3399153","-64,3337547","Calle Manuel Belgrano 711, La Calera, Córdoba, Argentina",Match,Google
INSTITUTO JESUS MARIA,BELGRANO 611,11,3450,3460,3787,3-28,Colón,CALERA,3,28,,,La Calera,"BELGRANO 611, La Calera, Córdoba, Argentina","-31,3399153","-64,3337547","Calle Manuel Belgrano 611, La Calera, Córdoba, Argentina",Match,Google
ESC MUNIC RAUL V MARTINEZ,NILO PECANHA 7750,8,2956,2963,2688,1-14B,Capital,ARGUELLO PRIMERO,1,14B,,,Córdoba,"NILO PECANHA 7750, Córdoba, Córdoba, Argentina","-31,3408978","-64,2685157","Nilo Pecanha 7750, X5021 Córdoba, Argentina",Match,Google
ESCUELA PROV.J.J.PASO-CENMA,AV SAN MARTIN 772,11,3439,3449,3779,3-28,Colón,CALERA,3,28,,,La Calera,"AV SAN MARTIN 772, La Calera, Córdoba, Argentina","-31,3413696","-64,3362858","Av. San Martín 772, La Calera, Córdoba, Argentina",Match,Google
ESC JUAN MARIA GUTIERREZ,BV LOS ALEMANES 4180,9,3051,3059,3030,1-14G,Capital,LOS BOULEVARES,1,14G,,,Córdoba,"BV LOS ALEMANES 4180, Córdoba, Córdoba, Argentina","-31,3432494","-64,2241761","De los Alemanes 4180, Córdoba, Argentina",Match,Google
ESC. F. LELOIR  ( IPEM 202),LOS POLACOS 6072,10,3060,3069,3373,1-14G,Capital,LOS BOULEVARES,1,14G,,,Córdoba,"LOS POLACOS 6072, Córdoba, Córdoba, Argentina","-31,3434952","-64,2328079","Blvd. De los Polacos 6072, Córdoba, Argentina",Match,Google
ESC DR ALEJANDRO GALLARDO,AGUSTIN ALCAIN 6032,11,3022,3032,3666,1-14F,Capital,GRANJA DE FUNES,1,14F,,,Córdoba,"AGUSTIN ALCAIN 6032, Córdoba, Córdoba, Argentina","-31,3441272","-64,2477178","Agustín Alcain 6032, X5021 Córdoba, Argentina",Match,Google
INST PQUIAL MONTE CRISTO,ROQUE SAENZ PEÑA 380,10,6373,6382,3414,14-211,Río Primero,MONTE CRISTO,14,211,,,MONTE CRISTO,"ROQUE SAENZ PEÑA 380, MONTE CRISTO, Córdoba, Argentina","-31,3445593","-63,9528986","Roque Sáenz Peña 380, Centro, X5125BRQ Monte Cristo, Córdoba, Argentina",Match,Google
ESC DR JERONIMO J DEL BARCO,VILLA PARQUE SIQUIMAN,7,5222,5228,2312,12-147B,Punilla,VILLA PARQUE SIQUIMAN,12,147B,,,VILLA PARQUE SIQUIMAN,"VILLA PARQUE SIQUIMAN, VILLA PARQUE SIQUIMAN, Córdoba, Argentina","-31,3448304","-64,4756248","Villa Parque Síquiman, Córdoba, Argentina",Match,Google
ESCUELA MAESTRO DOMINGO NOGAL,AV SAN MARTIN,7,6383,6389,2397,14-211,Río Primero,MONTE CRISTO,14,211,,,MONTE CRISTO,"AV SAN MARTIN, MONTE CRISTO, Córdoba, Argentina","-31,3459488","-63,9478497","Gral. San Martin, Esq. Avenue Int. Jose Rico Centro 5125, Monte Cristo, Córdoba, Argentina",Match,Google
EX ANEXO MARGARITA W DE PAZ,AVELLANEDA 684,9,3488,3496,3091,3-28A,Colón,CALERA CENTRAL,3,28A,,,La Calera,"AVELLANEDA 684, La Calera, Córdoba, Argentina","-31,3472522","-64,3381132","Calle Avellaneda 684, La Calera, Córdoba, Argentina",Match,Google
COLEGIO LA SALLE,AV MARTINOLI 6602,15,2874,2888,5144,1-14,Capital,ARGUELLO,1,14,,,Córdoba,"AV MARTINOLI 6602, Córdoba, Córdoba, Argentina","-31,3481078","-64,2566035","Av. Recta Martinolli 6602, X5021 Córdoba, Argentina",Match,Google
INST.MARIA DE NAZARET,LOS ALAMOS 1111,9,2099,2107,2812,1-11L,Capital,COUNTRYS DEL OESTE,1,11L,,,Córdoba,"LOS ALAMOS 1111, Córdoba, Córdoba, Argentina","-31,3496772","-64,3104833","Av. los Alamos 1111, Córdoba, Argentina",Match,Google
ESC JORGE NEWBERY,ALBERTO MACIAS 451,10,831,840,3368,1-7F,Capital,JORGE NEWBERY,1,7F,,,Córdoba,"ALBERTO MACIAS 451, Córdoba, Córdoba, Argentina","-31,3497","-64,1794453","Alberto Mascías 451, Córdoba, Argentina",Match,Google
MANUEL BELGRANO,LAS ANEMONAS 2231,4,3497,3500,1373,3-28A,Colón,CALERA CENTRAL,3,28A,,,La Calera,"LAS ANEMONAS 2231, La Calera, Córdoba, Argentina","-31,3514156","-64,3125381","Las Anémonas 2231, Córdoba, Argentina",Match,Google
ESC ESPIRITU SANTO,ISAAC 4847,25,2636,2660,8620,1-13G,Capital,PARQUE LICEO,1,13G,,,Córdoba,"ISAAC 4847, Córdoba, Córdoba, Argentina","-31,3515251","-64,1737321","Jorge Isaacs 4847, Córdoba, Argentina",Match,Google
ESC DOMINGO FAUSTINO SARMIENTO,MARIANO MORENO 597,10,5644,5653,3417,12-158,Punilla,TANTI,12,158,,,TANTI,"MARIANO MORENO 597, TANTI, Córdoba, Argentina","-31,3536947","-64,589748","Mariano Moreno, Tanti, Córdoba, Argentina",Match,Google
ESC.TTE. J.R. IBARZABAL,JOSE HERNANDEZ 99,15,3464,3478,5146,3-28A,Colón,CALERA CENTRAL,3,28A,,,La Calera,"JOSE HERNANDEZ 99, La Calera, Córdoba, Argentina","-31,3554612","-64,3433685","Av. José Hernández, La Calera, Córdoba, Argentina",Match,Google
ESC  NUEVA JUAN MANTOVANI,AVOGADRO Y GAUSS 5725,8,3135,3142,2705,1-14L,Capital,VILLA BELGRANO,1,14L,,,Córdoba,"AVOGADRO Y GAUSS 5725, Córdoba, Córdoba, Argentina","-31,3559566","-64,2509071","Av. Carlos Federico Gauss 5725, X5021FGL Córdoba, Argentina",Match,Google
ESC MUNIC GDOR A ZANICHELLI,STORNI 1300,7,2661,2667,2412,1-13G,Capital,PARQUE LICEO,1,13G,,,Córdoba,"STORNI 1300, Córdoba, Córdoba, Argentina","-31,3566226","-64,1570915","Alfonsina Storni 1300, Córdoba, Argentina",Match,Google
ESC MUNIC ARSENIO MURUGARREN,PIZARRO Y GRASS,9,3092,3100,3067,1-14I,Capital,SANTA CECILIA,1,14I,,,Córdoba,"PIZARRO Y GRASS, Córdoba, Córdoba, Argentina","-31,3572915","-64,2286213","Manuel E. Pizarro & Amadeo Grass, Córdoba, Argentina",Match,Google
IPEM 198 MARTIN FERREYRA,JUAQUIN CAMAÑO Y BAZAN 4750,9,1101,1109,3069,1-9D,Capital,POETA LUGONES,1,9D,,,Córdoba,"JUAQUIN CAMAÑO Y BAZAN 4750, Córdoba, Córdoba, Argentina","-31,3586656","-64,216824","Joaquín Camaño y Bazan 4750, Córdoba, Argentina",Match,Google
ESC GOBERNADOR MANUEL LOPEZ,URQUIZA 4800,7,855,861,2401,1-7G,Capital,PANAMERICANO,1,7G,,,Córdoba,"URQUIZA 4800, Córdoba, Córdoba, Argentina","-31,3594444","-64,1853568","Justo José de Urquiza 4800, Córdoba, Argentina",Match,Google
JARDIN IBARSABAL,RONDEAU 814,3,3461,3463,1032,3-28A,Colón,CALERA CENTRAL,3,28A,,,La Calera,"RONDEAU 814, La Calera, Córdoba, Argentina","-31,3596753","-64,3354481","Calle Rondeau 814, La Calera, Córdoba, Argentina",Match,Google
ESC MAESTROS PUNTANOS,JULIO VIGGIANO ESSAIN 4590,7,3085,3091,2392,1-14I,Capital,SANTA CECILIA,1,14I,,,Córdoba,"JULIO VIGGIANO ESSAIN 4590, Córdoba, Córdoba, Argentina","-31,3600974","-64,2227362","Julio Viggiano Essain 4590, Córdoba, Argentina",Match,Google
ESC LEOPOLDO LUGONES,LESPADA Y GALVEZ 2820,10,1091,1100,3416,1-9D,Capital,POETA LUGONES,1,9D,,,Córdoba,"LESPADA Y GALVEZ 2820, Córdoba, Córdoba, Argentina","-31,3622542","-64,210909","Horacio Lartigau Lespada 2820 Bº Poeta Lugones, Córdoba, Argentina",Match,Google
COL EL SALVADOR,ROMULO CARBIA 2757,8,1083,1090,2730,1-9D,Capital,POETA LUGONES,1,9D,,,Córdoba,"ROMULO CARBIA 2757, Córdoba, Córdoba, Argentina","-31,3624117","-64,2080434","Rómulo Carbia 2757, X5008AFE Córdoba, Argentina",Match,Google
IPEM N°84 J VOCOS LESCANO,SAN FRANCISCO 33,10,5654,5663,3411,12-158,Punilla,TANTI,12,158,,,TANTI,"SAN FRANCISCO 33, TANTI, Córdoba, Argentina","-31,3626723","-64,5870157","San Francisco, Tanti, Córdoba, Argentina",Match,Google
ESC HONORATO LACONI,T DE IROBI 557,15,783,797,5187,1-7E,Capital,MARQUES DE SOBREMONTE,1,7E,,,Córdoba,"T DE IROBI 557, Córdoba, Córdoba, Argentina","-31,3639471","-64,1951242","Tomás de Irobi 557, Córdoba, Argentina",Match,Google
ESC PRIMERA JUNTA,C DE ARREDONDO 4446,12,3162,3173,4049,1-14M,Capital,VILLA CENTENARIO,1,14M,,,Córdoba,"C DE ARREDONDO 4446, Córdoba, Córdoba, Argentina","-31,3640299","-64,2310591","Claudio de Arredondo 4446, Córdoba, Argentina",Match,Google
ESC ARTURO CAPDEVILA,AVELLANEDA 4100,12,862,873,4106,1-7G,Capital,PANAMERICANO,1,7G,,,Córdoba,"AVELLANEDA 4100, Córdoba, Córdoba, Argentina","-31,3663212","-64,1868735","Nicolás Avellaneda 4100, X5001FPR Córdoba, Argentina",Match,Google
JOSE LUIS SERCIC,PEREZ CORREA 1500,8,816,823,2768,1-7E,Capital,MARQUES DE SOBREMONTE,1,7E,,,Córdoba,"PEREZ CORREA 1500, Córdoba, Córdoba, Argentina","-31,3671628","-64,1929485","Carlos Pérez Correa 1500, Córdoba, Argentina",Match,Google
ESC PETER PAN,P DE GUZMAN 131,15,798,812,5179,1-7E,Capital,MARQUES DE SOBREMONTE,1,7E,,,Córdoba,"P DE GUZMAN 131, Córdoba, Córdoba, Argentina","-31,3673416","-64,2039731","Pablo de Guzmán 131, X5008CPC Córdoba, Argentina",Match,Google
ESC MUNIC J A PAREDES,FCO DEL PRADO 3900,8,2816,2823,2749,1-13J,Capital,VILLA AZALAIS,1,13J,,,Córdoba,"FCO DEL PRADO 3900, Córdoba, Córdoba, Argentina","-31,3673581","-64,1431423","Francisco De Alarcon 2144, Córdoba, Argentina",Match,Google
ESC FRANCISCO VIDAL,MARCOS INFANTES 560,12,874,885,4106,1-7G,Capital,PANAMERICANO,1,7G,,,Córdoba,"MARCOS INFANTES 560, Córdoba, Córdoba, Argentina","-31,3676354","-64,1819683","Marcos Infante 560, Córdoba, Argentina",Match,Google
ESC MUNIC J GONZALEZ,EL CRESPIN S/N,8,2587,2594,2792,1-13D,Capital,JARDIN ARENALES,1,13D,,,Córdoba,"EL CRESPIN S/N, Córdoba, Córdoba, Argentina","-31,3677414","-64,0608737","El Crespin, Córdoba, Argentina",Match,Google
ESC P ALBARRACIN DE SARMIENTO,NERUDA Y ACAMPES,12,2529,2540,4158,1-13A,Capital,AYACUCHO,1,13A,,,Córdoba,"NERUDA Y ACAMPES, Córdoba, Córdoba, Argentina","-31,3680783","-64,1752596","Acampes & Pablo Neruda, Córdoba, Argentina",Match,Google
ESC MANUEL BELGRANO,ABRAMO 2545,12,2711,2722,4096,1-13H,Capital,PATRICIOS,1,13H,,,Córdoba,"ABRAMO 2545, Córdoba, Córdoba, Argentina","-31,3709565","-64,1351507","Fernando Abramo 2545, X5012FVO Córdoba, Argentina",Match,Google
ESC MIGUEL RODRIGUEZ DE LA TOR,LA GRANJA 3199,9,1034,1042,3049,1-9B,Capital,LAS MARGARITAS,1,9B,,,Córdoba,"LA GRANJA 3199, Córdoba, Córdoba, Argentina","-31,3715727","-64,2205415","La Granja 3199, Córdoba, Argentina",Match,Google
ESC.PTE. JUAN D.PERÓN,MANZANA 47,7,554,560,2375,1-5I,Capital,COLINAS DEL SUR,1,5I,,,Córdoba,"MANZANA 47, Córdoba, Córdoba, Argentina","-31,3718051","-64,2644727","Manzana 47, Córdoba, Argentina",Match,Google
IPEM N° 332,LOS TALAS ESQ. LAS ROSAS,9,5671,5679,3121,12-158C,Punilla,VILLA SANTA CRUZ DEL LAGO,12,158C,,,VILLA SANTA CRUZ DEL LAGO,"LOS TALAS ESQ. LAS ROSAS, VILLA SANTA CRUZ DEL LAGO, Córdoba, Argentina","-31,3719692","-64,518093","Av. los Olmos 121, Villa Carlos Paz, Córdoba, Argentina",Match,Google
ESC MUNIC DR ALFREDO ORGAZ,JULIAN LAGUNA 2600,7,2734,2740,2355,1-13I,Capital,SAN JORGE,1,13I,,,Córdoba,"JULIAN LAGUNA 2600, Córdoba, Córdoba, Argentina","-31,3722784","-64,1347972","Julián Laguna 2600, Córdoba, Argentina",Match,Google
ESC GDOR H DEL CASTILLO,GELLY Y OBES 3110,9,2768,2776,3112,1-13J,Capital,VILLA AZALAIS,1,13J,,,Córdoba,"GELLY Y OBES 3110, Córdoba, Córdoba, Argentina","-31,3729552","-64,1522234","Juan A. Gelly y Obes 3110, X5012HUR Córdoba, Argentina",Match,Google
I.P.E.T N° 70,AV JUAN B JUSTO 4350,12,2824,2835,4136,1-13J,Capital,VILLA AZALAIS,1,13J,,,Córdoba,"AV JUAN B JUSTO 4350, Córdoba, Córdoba, Argentina","-31,373144","-64,1757876","Av. Juan B. Justo 4350, Córdoba, Argentina",Match,Google
INSTITUTO VILLADA,AV REPUBLICA DE CHINA S/N,7,2116,2122,2419,1-11M,Capital,VALLE ESCONDIDO,1,11M,,,Córdoba,"AV REPUBLICA DE CHINA S/N, Córdoba, Córdoba, Argentina","-31,3733216","-64,2779287","Av. República de China, Córdoba, Argentina",Match,Google
IPEM 338,FRANCISCO SUAREZ 3760,7,824,830,2411,1-7E,Capital,MARQUES DE SOBREMONTE,1,7E,,,Córdoba,"FRANCISCO SUAREZ 3760, Córdoba, Córdoba, Argentina","-31,3735708","-64,1948808","Francisco Suárez 3760, Córdoba, Argentina",Match,Google
COL PQUIAL C NAMUNCURA,DIAGUITAS 3314,8,1012,1019,2609,1-9A,Capital,LA FRANCE,1,9A,,,Córdoba,"DIAGUITAS 3314, Córdoba, Córdoba, Argentina","-31,3740121","-64,2096944","Diaguitas 3314, X5008GYD Córdoba, Argentina",Match,Google
ESC PCIA  DE MISIONES,FIRPO 2254,13,1070,1082,4461,1-9C,Capital,LOS PARAISOS,1,9C,,,Córdoba,"FIRPO 2254, Córdoba, Córdoba, Argentina","-31,3746266","-64,2037466","Luis Ángel Firpo 2254, Córdoba, Argentina",Match,Google
ESC MAHATMA GANDHI,TALAVERA DE MADRID 3261,7,1005,1011,2300,1-9A,Capital,LA FRANCE,1,9A,,,Córdoba,"TALAVERA DE MADRID 3261, Córdoba, Córdoba, Argentina","-31,3746531","-64,20793","Talavera de Madrid 3261, X5008HDC Córdoba, Argentina",Match,Google
ESC FRANCISCO A RIZZUTO,FDO DE LESSEPS 140,10,2508,2517,3473,1-13A,Capital,AYACUCHO,1,13A,,,Córdoba,"FDO DE LESSEPS 140, Córdoba, Córdoba, Argentina","-31,3749121","-64,1744575","Ferdinand de Lesseps 140, Centro América, X5001DND Córdoba, Argentina",Match,Google
INST  SAUL TABORDA,OB MOSCOSO Y PERALTA 2772,12,3150,3161,4068,1-14M,Capital,VILLA CENTENARIO,1,14M,,,Córdoba,"OB MOSCOSO Y PERALTA 2772, Córdoba, Córdoba, Argentina","-31,3752711","-64,2236641","Alto Palermo, Obispo Moscoso y Peralta 2772, X5009 DUH, Córdoba, Argentina",Match,Google
ESC CIUDAD DE MALVINAS ARGENT.,AV SAN MARTIN 600,12,3724,3735,4131,3-35,Colón,MALVINAS ARGENTINAS,3,35,,,MALVINAS ARGENTINAS,"AV SAN MARTIN 600, MALVINAS ARGENTINAS, Córdoba, Argentina","-31,3755154","-64,053315","Av. San Martín 600, Malvinas Argentinas, Córdoba, Argentina",Match,Google
ESC JUVENILIA,ARISTOTELES 3160,7,1063,1069,2405,1-9C,Capital,LOS PARAISOS,1,9C,,,Córdoba,"ARISTOTELES 3160, Córdoba, Córdoba, Argentina","-31,3760443","-64,2014773","Aristoteles 3160, Córdoba, Argentina",Match,Google
ESC INGENIERO VICTOR REE,FDO FADER 3821,9,2984,2992,3046,1-14D,Capital,CERRO DE LAS ROSAS,1,14D,,,Córdoba,"FDO FADER 3821, Córdoba, Córdoba, Argentina","-31,3767978","-64,2296662","Av. Fernando Fader 3821, Córdoba, Argentina",Match,Google
ESC A CAPDEVILA/ DR. B HOUSEY,A CAPDEVILA 724,11,2745,2755,3786,1-13J,Capital,VILLA AZALAIS,1,13J,,,Córdoba,"A CAPDEVILA 724, Córdoba, Córdoba, Argentina","-31,3770545","-64,1628592","Av. Dr. Arturo Capdevila 724, Córdoba, Argentina",Match,Google
ESC DE COMERCIO J J PASO,PLATON 3030,10,1043,1052,3440,1-9C,Capital,LOS PARAISOS,1,9C,,,Córdoba,"PLATON 3030, Córdoba, Córdoba, Argentina","-31,3778972","-64,2003007","Platon 3030, Córdoba, Argentina",Match,Google
ESC PARROQUIAL SAN ROQUE,USANDIVARAS 2050,8,2703,2710,2731,1-13H,Capital,PATRICIOS,1,13H,,,Córdoba,"USANDIVARAS 2050, Córdoba, Córdoba, Argentina","-31,3779077","-64,1438818","Usandivaras 2050, X5012FIF Córdoba, Argentina",Match,Google
ESC JOSE MARIA PAZ,USANDIVARAS 2254,11,2677,2687,3773,1-13H,Capital,PATRICIOS,1,13H,,,Córdoba,"USANDIVARAS 2254, Córdoba, Córdoba, Argentina","-31,3779256","-64,1406693","Usandivaras 2254, X5012FIJ Córdoba, Argentina",Match,Google
ESC.CAP.LUIS C.CANDELARIA,MALVINAS ARGENTINAS,10,3714,3723,3442,3-35,Colón,MALVINAS ARGENTINAS,3,35,,,MALVINAS ARGENTINAS,"MALVINAS ARGENTINAS, MALVINAS ARGENTINAS, Córdoba, Argentina","-31,3791924","-64,0539474","Malvinas Argentinas, Cordoba, Argentina",Match,Google
ESC CURA BROCHERO,JAMAICA 967,12,2756,2767,4139,1-13J,Capital,VILLA AZALAIS,1,13J,,,Córdoba,"JAMAICA 967, Córdoba, Córdoba, Argentina","-31,37926","-64,1601582","Jamaica 967, Córdoba, Argentina",Match,Google
ESC R SANCHEZ DE CALDELARI,ALVAREZ DE LAS CASAS 280,11,2518,2528,3814,1-13A,Capital,AYACUCHO,1,13A,,,Córdoba,"ALVAREZ DE LAS CASAS 280, Córdoba, Córdoba, Argentina","-31,3795106","-64,1705276","M. Álvarez de las Casas 280, Córdoba, Argentina",Match,Google
ESC  REPUBLICA DE PANAMA,MARIANO MANSILLA 1025,7,3101,3107,2394,1-14J,Capital,URCA,1,14J,,,Córdoba,"MARIANO MANSILLA 1025, Córdoba, Córdoba, Argentina","-31,379825","-64,2481103","Mariano Mansilla 1025, Córdoba, Argentina",Match,Google
ESC MUNIC JORGE LUIS BORGES,BARRANCA DEL PARANA 3193,7,2727,2733,2358,1-13I,Capital,SAN JORGE,1,13I,,,Córdoba,"BARRANCA DEL PARANA 3193, Córdoba, Córdoba, Argentina","-31,3805447","-64,2463727","Benigno Portela 937, Córdoba, Argentina",Match,Google
I.P.E.M. N° 24,JUJUY ESQ. SARMIENTO S/N MALVINAS AR,17,3736,3752,5830,3-35,Colón,MALVINAS ARGENTINAS,3,35,,,MALVINAS ARGENTINAS,"JUJUY ESQ. SARMIENTO S/N MALVINAS AR, MALVINAS ARGENTINAS, Córdoba, Argentina","-31,380644","-64,053837","Jujuy, Centro, X5125 Malvinas Argentinas, Córdoba, Argentina",Match,Google
ESC PARROQUIAL L STUCCHI BAUDO,PAYSANDU 860,12,2777,2788,4132,1-13J,Capital,VILLA AZALAIS,1,13J,,,Córdoba,"PAYSANDU 860, Córdoba, Córdoba, Argentina","-31,3813394","-64,1642034","Paysandú 860, Córdoba, Argentina",Match,Google
ESC  REPUBLICA DEL LIBANO,IGARZABAL 1250,8,3108,3115,2735,1-14J,Capital,URCA,1,14J,,,Córdoba,"IGARZABAL 1250, Córdoba, Córdoba, Argentina","-31,3814266","-64,2387311","Hector Álvarez Igarzabal 1250, Córdoba, Argentina",Match,Google
ESC  RICARDO ROJAS (IPEM 35),J.LOPEZ 2050,8,1020,1027,2716,1-9B,Capital,LAS MARGARITAS,1,9B,,,Córdoba,"J.LOPEZ 2050, Córdoba, Córdoba, Argentina","-31,3815205","-64,2219787","Javier López 2050, Córdoba, Argentina",Match,Google
ESC DR ANTONIO NORES,JULIO DE VEDIA 2353,13,2847,2859,4369,1-13N,Capital,YOFRE,1,13N,,,Córdoba,"JULIO DE VEDIA 2353, Córdoba, Córdoba, Argentina","-31,3815738","-64,1380193","Julio de Vedia 2353, Córdoba, Argentina",Match,Google
ESC.S TURISMO Y HOT.M.PACHECO,AV.CARCANO 3590,8,2108,2115,2766,1-11M,Capital,VALLE ESCONDIDO,1,11M,,,Córdoba,"AV.CARCANO 3590, Córdoba, Córdoba, Argentina","-31,3820981","-64,2588521","Ramón Cárcano, Córdoba, Argentina",Match,Google
INST SEC REPUBLICA DE ITALIA,DONACIANO DEL CAMPILLO 851,8,3116,3123,2736,1-14J,Capital,URCA,1,14J,,,Córdoba,"DONACIANO DEL CAMPILLO 851, Córdoba, Córdoba, Argentina","-31,3833848","-64,2448111","Donaciano del Campillo 851, Córdoba, Argentina",Match,Google
ESC PADRE DIEGO DE TORRES,DIAG ICA Y CAMICALTA 1650,12,2471,2482,4042,1-13,Capital,LEANDRO N. ALEM,1,13,,,Córdoba,"DIAG ICA Y CAMICALTA 1650, Córdoba, Córdoba, Argentina","-31,3834935","-64,1528682","Camicalta 1650, Córdoba, Argentina",Match,Google
INSTITUTO PEÑA,CIUDAD DE TAMPA 2954,11,1169,1179,3695,1-9G,Capital,VILLA CABRERA,1,9G,,,Córdoba,"CIUDAD DE TAMPA 2954, Córdoba, Córdoba, Argentina","-31,3837923","-64,2173076","Cd. de Tampa 2954, X5009BXJ Córdoba, Argentina",Match,Google
COLEGIO FERMIN LAFITTE,FCO VALLE 2443,10,1053,1062,3430,1-9C,Capital,LOS PARAISOS,1,9C,,,Córdoba,"FCO VALLE 2443, Córdoba, Córdoba, Argentina","-31,3845396","-64,1957015","Francisco Valles 2443, X5008JCA Córdoba, Argentina",Match,Google
ESC MATEO J LUQUE,JACINTO DE ALTOLAGUIRRE 2089,9,2860,2868,3024,1-13N,Capital,YOFRE,1,13N,,,Córdoba,"JACINTO DE ALTOLAGUIRRE 2089, Córdoba, Córdoba, Argentina","-31,3845864","-64,1342894","Jacinto de Altolaguirre 2089, X5012KKG Córdoba, Argentina",Match,Google
ESC ANTONIO DEL VISO,SAAVEDRA 619,13,1125,1137,4471,1-9F,Capital,SAN MARTIN,1,9F,,,Córdoba,"SAAVEDRA 619, Córdoba, Córdoba, Argentina","-31,3851218","-64,1964991","Av. Cornelio Saavedra 619, Córdoba, Argentina",Match,Google
ESC REPUBLICA DE VENEZUELA,BOYERO  - 517,10,1960,1969,3358,1-11H,Capital,QUEBRADA LAS ROSAS,1,11H,,,Córdoba,"BOYERO  - 517, Córdoba, Córdoba, Argentina","-31,385402","-64,2584556","Boyero 517, Córdoba, Argentina",Match,Google
ESC PCIA DE ENTRE RIOS,TRAFALGAR 845,11,707,717,3807,1-7B,Capital,ALTA CORDOBA,1,7B,,,Córdoba,"TRAFALGAR 845, Córdoba, Córdoba, Argentina","-31,3864936","-64,1857963","Trafalgar 845, X5001 AVQ, Córdoba, Argentina",Match,Google
ESC CAPITAL FEDERAL,MAURICIO YADAROLA 653,11,2547,2557,3739,1-13C,Capital,GENERAL BUSTOS,1,13C,,,Córdoba,"MAURICIO YADAROLA 653, Córdoba, Córdoba, Argentina","-31,3872374","-64,1701907","Mauricio Yadarola 653, X5001CXM Córdoba, Argentina",Match,Google
INSTITUTO TECNICO DON BOSCO,J VESPIGNANI 251,9,1741,1749,3040,1-11B,Capital,DON BOSCO,1,11B,,,Córdoba,"J VESPIGNANI 251, Córdoba, Córdoba, Argentina","-31,3873806","-64,2728782","José Vespignani 251, Córdoba, Argentina",Match,Google
INST NUESTRA MADRE DE LA MERCE,M FRAGUEIRO 2389,13,732,744,4487,1-7B,Capital,ALTA CORDOBA,1,7B,,,Córdoba,"M FRAGUEIRO 2389, Córdoba, Córdoba, Argentina","-31,3881705","-64,1845098","Mariano Fragueiro 2389, Córdoba, Argentina",Match,Google
ESC VICENTE F LOPEZ,TISSERA 1551,15,2801,2815,5159,1-13J,Capital,VILLA AZALAIS,1,13J,,,Córdoba,"TISSERA 1551, Córdoba, Córdoba, Argentina","-31,3885765","-64,1597246","Juan Capistrano Tissera 1551, X5012AJC Córdoba, Argentina",Match,Google
ESC SGTO CABRAL,P DE LEDESMA 1755,8,2608,2615,2708,1-13F,Capital,NUEVA ITALIA,1,13F,,,Córdoba,"P DE LEDESMA 1755, Córdoba, Córdoba, Argentina","-31,3886436","-64,141115","Pedro de Ledesma 1755, Córdoba, Argentina",Match,Google
ESC EMILIO E SANCHEZ,ANTONIO MACHONI 1700,12,895,906,4045,1-8A,Capital,PALMAR,1,8A,,,Córdoba,"ANTONIO MACHONI 1700, Córdoba, Córdoba, Argentina","-31,3886546","-64,1186887","Antonio Machoni 1700, Córdoba, Argentina",Match,Google
INST MANUEL LUCERO,LAVALLEJA 2257,8,745,752,2767,1-7B,Capital,ALTA CORDOBA,1,7B,,,Córdoba,"LAVALLEJA 2257, Córdoba, Córdoba, Argentina","-31,3893589","-64,1826","Juan Antonio Lavalleja 2257, X5001GHK Córdoba, Argentina",Match,Google
INST ESCUTI,NAZARET  - 3399,9,996,1004,3067,1-9,Capital,ESCOBAR,1,9,,,Córdoba,"NAZARET  - 3399, Córdoba, Córdoba, Argentina","-31,3902179","-64,2303807","Nazaret 3399, Córdoba, Argentina",Match,Google
ESC MANUEL LUCERO,MANUEL LUCERO 560,19,688,706,6575,1-7B,Capital,ALTA CORDOBA,1,7B,,,Córdoba,"MANUEL LUCERO 560, Córdoba, Córdoba, Argentina","-31,3910676","-64,181922","Dr. Manuel Lucero 560, X5001 Córdoba, Argentina",Match,Google
ESC CRISTO REY,CURA BROCHERO 753,7,2558,2564,2370,1-13C,Capital,GENERAL BUSTOS,1,13C,,,Córdoba,"CURA BROCHERO 753, Córdoba, Córdoba, Argentina","-31,3915689","-64,1707032","Cura Gabriel Brochero 753, Córdoba, Argentina",Match,Google
ESC PROVINCIA DE CORRIENTES,DOMINGO ZIPOLI 1358,8,988,995,2736,1-9,Capital,ESCOBAR,1,9,,,Córdoba,"DOMINGO ZIPOLI 1358, Córdoba, Córdoba, Argentina","-31,3918092","-64,2171958","Domingo Zipoli 1358, Córdoba, Argentina",Match,Google
ESC MUNIC E BAQUERO LASCANO,HUMBERTO 1° ESQ IROS,7,2074,2080,2390,1-11K,Capital,VILLA GRAL URQUIZA,1,11K,,,Córdoba,"HUMBERTO 1° ESQ IROS, Córdoba, Córdoba, Argentina","-31,3924825","-64,2402108","Domingo Iros & Humberto 1º, Córdoba, Argentina",Match,Google
ESC ALMIRANTE BROWN,SAN MARTIN S/N°,12,976,987,4152,1-8C,Capital,VILLA LOS PINOS,1,8C,,,Córdoba,"SAN MARTIN S/N°, Córdoba, Córdoba, Argentina","-31,3930095","-64,1377637","Eduardo San Martín, Córdoba, Argentina",Match,Google
ESC ALEJO CARMEN GUZMAN,AUGUSTO LOPEZ 643,11,2565,2575,3743,1-13C,Capital,GENERAL BUSTOS,1,13C,,,Córdoba,"AUGUSTO LOPEZ 643, Córdoba, Córdoba, Argentina","-31,3934705","-64,1728791","Augusto López 643, X5001COI Córdoba, Argentina",Match,Google
INST INMACULADA CONCEPCION,CASTRO BARROS 1316,16,1138,1153,5493,1-9F,Capital,SAN MARTIN,1,9F,,,Córdoba,"CASTRO BARROS 1316, Córdoba, Córdoba, Argentina","-31,3935293","-64,202351","Av. Castro Barros 1316, Córdoba, Argentina",Match,Google
ESC GABRIELA MISTRAL,27 DE ABRIL 5650,10,1950,1959,3361,1-11H,Capital,QUEBRADA LAS ROSAS,1,11H,,,Córdoba,"27 DE ABRIL 5650, Córdoba, Córdoba, Argentina","-31,393704","-64,2554485","27 de Abril 5650, X5003DAD Córdoba, Argentina",Match,Google
ESC TRINIDAD MORENO(IPEM 174),EDUARDO SAN MARTIN 1282,12,964,975,4152,1-8C,Capital,VILLA LOS PINOS,1,8C,,,Córdoba,"EDUARDO SAN MARTIN 1282, Córdoba, Córdoba, Argentina","-31,3945188","-64,1375601","Eduardo San Martín 1282, Córdoba, Argentina",Match,Google
INST CORAZON DE MARIA,A DEL VISO 445,14,718,731,4834,1-7B,Capital,ALTA CORDOBA,1,7B,,,Córdoba,"A DEL VISO 445, Córdoba, Córdoba, Argentina","-31,3949545","-64,1818075","Antonio del Viso 445, X5001AHI Córdoba, Argentina",Match,Google
COLEGIO HORTUS CONCLUSUS,GIANELLI 551,11,2576,2586,3743,1-13C,Capital,GENERAL BUSTOS,1,13C,,,Córdoba,"GIANELLI 551, Córdoba, Córdoba, Argentina","-31,395029","-64,1756115","Gianelli 551, X5001AKE Córdoba, Argentina",Match,Google
ESC BLAS PARERA,MONS DE ANDREA 1044,7,1695,1701,2397,1-11A,Capital,ALTO ALBERDI,1,11A,,,Córdoba,"MONS DE ANDREA 1044, Córdoba, Córdoba, Argentina","-31,395209","-64,2133045","Monseñor Miguel de Andrea 1044, Córdoba, Argentina",Match,Google
ESC GRAL SAN MARTIN,AV COLON 4751,12,1761,1772,4132,1-11C,Capital,LAS PALMAS,1,11C,,,Córdoba,"AV COLON 4751, Córdoba, Córdoba, Argentina","-31,3960815","-64,2425844","Av. Colón 4751, Córdoba, Argentina",Match,Google
ESC. GARCIA FAURE,JERONIMO LUIS DE CABRERA 834,10,773,782,3399,1-7D,Capital,COFICO,1,7D,,,Córdoba,"JERONIMO LUIS DE CABRERA 834, Córdoba, Córdoba, Argentina","-31,3961672","-64,1878772","Jerónimo Luis de Cabrera 834, X5000GVR Córdoba, Argentina",Match,Google
ESC PCIA DE FORMOSA,RODRIGUEZ PEÑA 1548,8,765,772,2705,1-7D,Capital,COFICO,1,7D,,,Córdoba,"RODRIGUEZ PEÑA 1548, Córdoba, Córdoba, Argentina","-31,3962067","-64,1901898","N. Rodríguez Peña 1548, Córdoba, Argentina",Match,Google
ESC. PRIMARIA MARIA SALEME,RUTA 9 KM 690,8,2463,2470,2574,1-12I,Capital,CIUDAD DE MIS SUEÑOS,1,12I,,,Córdoba,"RUTA 9 KM 690, Córdoba, Córdoba, Argentina","-31,3964575","-64,127843","km 690, RN9, Córdoba, Argentina",Match,Google
ESC PTE HIPOLITO YRIGOYEN,CASTRO BARROS 802,15,1110,1124,5067,1-9E,Capital,PROVIDENCIA,1,9E,,,Córdoba,"CASTRO BARROS 802, Córdoba, Córdoba, Argentina","-31,3978567","-64,1986426","Av. Castro Barros 802, X5000HTV Córdoba, Argentina",Match,Google
COL NTRA SEÑORA DE LA MERCED,ZELAYA 140,8,1161,1168,2747,1-9F,Capital,SAN MARTIN,1,9F,,,Córdoba,"ZELAYA 140, Córdoba, Córdoba, Argentina","-31,3981203","-64,1965161","Cornelio Zelaya 140, X5000GJD Córdoba, Argentina",Match,Google
ESC DEAN FUNES,ANA M JANER 1551,10,922,931,3451,1-8B,Capital,PUEYRREDON,1,8B,,,Córdoba,"ANA M JANER 1551, Córdoba, Córdoba, Argentina","-31,3985224","-64,1659173","Ana María Janer 1551, X5004BSM Córdoba, Argentina",Match,Google
ESC EJERCITO ARGENTINO,LA RIOJA  - 3453,8,2066,2073,2726,1-11K,Capital,VILLA GRAL URQUIZA,1,11K,,,Córdoba,"LA RIOJA  - 3453, Córdoba, Córdoba, Argentina","-31,3988703","-64,2248737","La Rioja 3453, Córdoba, Argentina",Match,Google
ESCUELA PROVINCIAL,ALTO DE LOS QUEBRACH,2,4152,4153,369,4-46B,Cruz del Eje,ALTO DE LOS QUEBRACHOS,4,46B,,,ALTO DE LOS QUEBRACHOS,"ALTO DE LOS QUEBRACH, ALTO DE LOS QUEBRACHOS, Córdoba, Argentina","-31,3989296","-64,1821289","A D L Quebrachos 0, Alto de Los Quebrachos, Cordoba, Argentina",Match,Google
ESC ROBLES,PADRE LUIS MONTI 1850,13,942,954,4464,1-8B,Capital,PUEYRREDON,1,8B,,,Córdoba,"PADRE LUIS MONTI 1850, Córdoba, Córdoba, Argentina","-31,3996569","-64,1641974","Padre Luis Monti 1850, X5004ENJ Córdoba, Argentina",Match,Google
COLEGIO COSTA AZUL,HUARPES Y COMECHINGONES-B°COSTA AZUL,12,5579,5590,4181,12-156,Punilla,VILLA CARLOS PAZ,12,156,,,VILLA CARLOS PAZ,"HUARPES Y COMECHINGONES-B°COSTA AZUL, VILLA CARLOS PAZ, Córdoba, Argentina","-31,399658","-64,465445","Huarpes, Villa Carlos Paz, Córdoba, Argentina",Match,Google
ESC BATERIA LIBERTAD,POTRERILLO Y VENTA Y MEDIA,9,1901,1909,3023,1-11F,Capital,LOS ROBLES,1,11F,,,Córdoba,"POTRERILLO Y VENTA Y MEDIA, Córdoba, Córdoba, Argentina","-31,3996801","-64,2535187","Venta y Media & Potrerillos, Córdoba, Argentina",Match,Google
INST OBISPO CAIXAL,ANA M JANER 1250,8,914,921,2756,1-8B,Capital,PUEYRREDON,1,8B,,,Córdoba,"ANA M JANER 1250, Córdoba, Córdoba, Argentina","-31,4009194","-64,164163","Ana María Janer 1250, X5004BSH Córdoba, Argentina",Match,Google
ESC MUNIC JUSTO PAEZ MOLINA,QUEBRACHO HERRADO Y YAVI,7,1788,1794,2400,1-11C,Capital,LAS PALMAS,1,11C,,,Córdoba,"QUEBRACHO HERRADO Y YAVI, Córdoba, Córdoba, Argentina","-31,4018927","-64,2437531","Yavi & Quebracho Herrado, Córdoba, Argentina",Match,Google
ESC DOMINGO F SARMIENTO,SARMIENTO 325,7,7269,7275,2297,20-285,San Justo,DEVOTO,20,285,,,DEVOTO,"SARMIENTO 325, DEVOTO, Córdoba, Argentina","-31,402097","-62,3073024","Sarmiento 325, Devoto, Córdoba, Argentina",Match,Google
ESC MANUEL E PIZARRO,DUARTE QUIROS 4325,15,1773,1787,5150,1-11C,Capital,LAS PALMAS,1,11C,,,Córdoba,"DUARTE QUIROS 4325, Córdoba, Córdoba, Argentina","-31,4025567","-64,2379685","Duarte Quirós 4325, Córdoba, Argentina",Match,Google
ESC PTE SARMIENTO,R SAENZ PEÑA 1211,11,754,764,3737,1-7D,Capital,COFICO,1,7D,,,Córdoba,"R SAENZ PEÑA 1211, Córdoba, Córdoba, Argentina","-31,4028504","-64,1828829","Av. Roque Sáenz Peña 1211, Río Segundo, Córdoba, Argentina",Match,Google
ESC JOSE MARIA PAZ,AV COLON 2772,15,1722,1736,5152,1-11A,Capital,ALTO ALBERDI,1,11A,,,Córdoba,"AV COLON 2772, Córdoba, Córdoba, Argentina","-31,4030262","-64,2179278","Av. Colón 2772, X5003DCY Córdoba, Argentina",Match,Google
IPEM N° 365-DR RENE FAVALORO,GOBERNADOR ALVAREZ 131,10,5538,5547,3478,12-156,Punilla,VILLA CARLOS PAZ,12,156,,,VILLA CARLOS PAZ,"GOBERNADOR ALVAREZ 131, VILLA CARLOS PAZ, Córdoba, Argentina","-31,4030536","-64,4760025","Gdor. Álvarez 131, X5152 Villa Carlos Paz, Córdoba, Argentina",Match,Google
ESC FRAY J A DE SAN ALBERTO,ESQUIU 1340,7,907,913,2406,1-8B,Capital,PUEYRREDON,1,8B,,,Córdoba,"ESQUIU 1340, Córdoba, Córdoba, Argentina","-31,4030826","-64,1750384","Fray Mamerto Esquiú 1340, X5004AFJ Córdoba, Argentina",Match,Google
INST SAGRADA FAMILIA,BUCHARDO 1675,9,955,963,3101,1-8B,Capital,PUEYRREDON,1,8B,,,Córdoba,"BUCHARDO 1675, Córdoba, Córdoba, Argentina","-31,4030908","-64,1653324","Buchardo 1675, Córdoba, Argentina",Match,Google
INST SAGRADO CORAZON,ROMA 1153,10,932,941,3443,1-8B,Capital,PUEYRREDON,1,8B,,,Córdoba,"ROMA 1153, Córdoba, Córdoba, Argentina","-31,4031306","-64,1674177","Roma 1153, X5004BBE Córdoba, Argentina",Match,Google
IPEM 205 HUGO PALLADINO,27 DE ABRIL 5300,12,1885,1896,4037,1-11F,Capital,LOS ROBLES,1,11F,,,Córdoba,"27 DE ABRIL 5300, Córdoba, Córdoba, Argentina","-31,4033826","-64,2283602","27 de Abril 5300, Córdoba, Argentina",Match,Google
ESC SAN LUIS GONZAGA,SANTA ROSA 2035,9,1713,1721,3092,1-11A,Capital,ALTO ALBERDI,1,11A,,,Córdoba,"SANTA ROSA 2035, Córdoba, Córdoba, Argentina","-31,4048473","-64,209222","Sta Rosa 2035, X5003CEI Córdoba, Argentina",Match,Google
ESC TENIENTE GRAL ARAMBURU,GARIBALDI 710,9,561,569,2932,1-6,Capital,ALTO GRAL PAZ,1,6,,,Córdoba,"GARIBALDI 710, Córdoba, Córdoba, Argentina","-31,4050835","-64,1562832","José Garibaldi 710, X5004CTB Córdoba, Argentina",Match,Google
IPEM MARCELA B. MOYANO COUDERT,DUARTE QUIROS 3947,7,1795,1801,2400,1-11C,Capital,LAS PALMAS,1,11C,,,Córdoba,"DUARTE QUIROS 3947, Córdoba, Córdoba, Argentina","-31,4051572","-64,2326917","Duarte Quirós 3947, Córdoba, Argentina",Match,Google
ESC SAN JOSE,CASEROS 3055,11,1702,1712,3772,1-11A,Capital,ALTO ALBERDI,1,11A,,,Córdoba,"CASEROS 3055, Córdoba, Córdoba, Argentina","-31,4061783","-64,2230515","Caseros 3055, X5002AEC Córdoba, Argentina",Match,Google
ESC EJERCITO ARGENTINO,CASTAÑARES  - 470,8,2366,2373,2767,1-12F,Capital,JOSE HERNANDEZ,1,12F,,,Córdoba,"CASTAÑARES  - 470, Córdoba, Córdoba, Argentina","-31,4064027","-64,1511418","Castañares 470, Córdoba, Argentina",Match,Google
ESC PQUIAL SAN JOSE,VELEZ 252,12,1673,1684,4127,1-11A,Capital,ALTO ALBERDI,1,11A,,,Córdoba,"VELEZ 252, Córdoba, Córdoba, Argentina","-31,4068399","-64,2227421","Vélez 252, Córdoba, Argentina",Match,Google
COLEGIO SAN JOSE,JUSTO JOSE DE URQUIZA 465,12,3957,3968,4165,3-41,Colón,VILLA ALLENDE,3,41,,,VILLA ALLENDE,"JUSTO JOSE DE URQUIZA 465, VILLA ALLENDE, Córdoba, Argentina","-31,4073953","-64,1928929","Justo José de Urquiza 465, X5000KPI Córdoba, Argentina",Match,Google
BAC TEC DR F ESCARDO(IPEM 133),CAMPO LA RIBERA,9,451,459,3053,1-5D,Capital,MALDONADO,1,5D,,,Córdoba,"CAMPO LA RIBERA, Córdoba, Córdoba, Argentina","-31,4080648","-64,1330785","Martín Cartechini s/n, X5022 ABB, Córdoba, Argentina",Match,Google
ESCUELA N° 404,VILLA LA MERCED,1,3233,3233,114,2-16A,Calamuchita,VILLA LA MERCED,2,16A,,,VILLA LA MERCED,"VILLA LA MERCED, VILLA LA MERCED, Córdoba, Argentina","-31,408856","-64,060362","Malvinas Argentinas, Cordoba, Argentina",Match,Google
ESC JERONIMO LUIS DE CABRERA,SANTA ROSA 650,15,66,80,5173,1-3,Capital,SECCIONAL TERCERA,1,3,,,Córdoba,"SANTA ROSA 650, Córdoba, Córdoba, Argentina","-31,4096902","-64,1913409","Sta Rosa 650, X5000ESN Córdoba, Argentina",Match,Google
ESC JUAN BAUTISTA ALBERDI,GRAL PAZ 488,18,48,65,6130,1-2,Capital,SECCIONAL SEGUNDA,1,2,,,Córdoba,"GRAL PAZ 488, Córdoba, Córdoba, Argentina","-31,409749","-64,1842688","Av. Gral. Paz 488, X5022 Córdoba, Argentina",Match,Google
ESC NORMAL ALEJANDRO CARBO,AV COLON 951,13,100,112,4486,1-3,Capital,SECCIONAL TERCERA,1,3,,,Córdoba,"AV COLON 951, Córdoba, Córdoba, Argentina","-31,4099921","-64,1959734","Av. Colón 951, X5000EPJ Córdoba, Argentina",Match,Google
COL  SAN RAMON NONATO,AVDA  PATRIA 282,7,570,576,2286,1-6,Capital,ALTO GRAL PAZ,1,6,,,Córdoba,"AVDA  PATRIA 282, Córdoba, Córdoba, Argentina","-31,4103749","-64,157279","Av. Patria 282, Córdoba, Argentina",Match,Google
ESC ROMA,ECHEVERRIA 370,17,2016,2032,5865,1-11J,Capital,SANTA ANA,1,11J,,,Córdoba,"ECHEVERRIA 370, Córdoba, Córdoba, Argentina","-31,4103926","-64,2168346","José E. Echeverría 370, Córdoba, Argentina",Match,Google
ESC RAMON J CARCANO,VIAMONTE 446,11,579,589,3789,1-6C,Capital,GRAL PAZ,1,6C,,,Córdoba,"VIAMONTE 446, Córdoba, Córdoba, Argentina","-31,4108321","-64,1656284","Gral. Juan José Viamonte 446, X5004AUJ Córdoba, Argentina",Match,Google
ESC GDOR AMADEO SABATTINI,GERMANIA 5665,12,655,666,4031,1-6F,Capital,YAPEYU,1,6F,,,Córdoba,"GERMANIA 5665, Córdoba, Córdoba, Argentina","-31,4116798","-64,1423989","Germania 5665, Córdoba, Argentina",Match,Google
IPEM N° 270 GRAL M BELGRANO,DEAN FUNES 850,11,81,91,3790,1-3,Capital,SECCIONAL TERCERA,1,3,,,Córdoba,"DEAN FUNES 850, Córdoba, Córdoba, Argentina","-31,4126161","-64,1954633","Deán Funes 850, X5000AAR Córdoba, Argentina",Match,Google
PRIMARIO JOSE DE SAN MARTIN,AMEGHINO Y BALCARCE,8,5530,5537,2781,12-156,Punilla,VILLA CARLOS PAZ,12,156,,,VILLA CARLOS PAZ,"AMEGHINO Y BALCARCE, VILLA CARLOS PAZ, Córdoba, Argentina","-31,4132508","-64,5024725","Balcarce & Ameghino, Villa Carlos Paz, Córdoba, Argentina",Match,Google
ESC PROV GRAL JOSE MARIA PAZ,BUENOS AIRES Y CORDOBA,6,3587,3592,1969,3-32,Colón,GENERAL PAZ,3,32,,,GENERAL PAZ,"BUENOS AIRES Y CORDOBA, GENERAL PAZ, Córdoba, Argentina","-31,41356","-64,185728","Gral. Paz 156 Locales 1 y 2 Centro, X5000 JLO, Córdoba, Argentina",Match,Google
ESC NORMAL GARZON AGULLA,VIAMONTE 150,15,590,604,5145,1-6C,Capital,GRAL PAZ,1,6C,,,Córdoba,"VIAMONTE 150, Córdoba, Córdoba, Argentina","-31,4138965","-64,164229","Gral. Juan José Viamonte 150, Córdoba, Argentina",Match,Google
ESC B DE MONTEAGUDO,SAN LUIS  - 3450,12,1839,1850,4170,1-11E,Capital,LOS PLATANOS,1,11E,,,Córdoba,"SAN LUIS  - 3450, Córdoba, Córdoba, Argentina","-31,414226","-64,2300262","San Luis 3450, X5010EKL Córdoba, Argentina",Match,Google
INST ALFONSINA STORNI(EX IESS),SOLIS 283,21,5468,5488,7313,12-156,Punilla,VILLA CARLOS PAZ,12,156,,,VILLA CARLOS PAZ,"SOLIS 283, VILLA CARLOS PAZ, Córdoba, Argentina","-31,4142868","-64,4904717","Solís 283, X5152 Villa Carlos Paz, Córdoba, Argentina",Match,Google
ESC ARISTOBULO DEL VALLE,M DE JAUREGUI 1657,10,2483,2492,3357,1-13,Capital,LEANDRO N. ALEM,1,13,,,Córdoba,"M DE JAUREGUI 1657, Córdoba, Córdoba, Argentina","-31,414389","-64,19245","Arturo M. Bas 69, X5000KLB Córdoba, Argentina",Match,Google
CENTRO EDUC.NIVEL MEDIO ADULTO,DEAN FUNES 417,10,1,7,3225,1-1,Capital,SECCIONAL PRIMERA,1,1,Mesas 1 a 7  y 8651 - 8653,,Córdoba,"DEAN FUNES 417, Córdoba, Córdoba, Argentina","-31,4144111","-64,189781","Deán Funes 417, X5000AAI Córdoba, Argentina",Match,Google
ESC SANTA TERESA DE JESUS,OBISPO TREJO Y SANABRIA 160,10,38,47,3422,1-1,Capital,SECCIONAL PRIMERA,1,1,,,Córdoba,"OBISPO TREJO Y SANABRIA 160, Córdoba, Córdoba, Argentina","-31,4152879","-64,1771423","Av. Emilio Olmos 443, X5000 Córdoba, Argentina",Match,Google
I.P.E.M.144-MARIANO MORENO,SALTA 191,12,3785,3796,4106,3-37,Colón,RIO CEBALLOS,3,37,,,RIO CEBALLOS,"SALTA 191, RIO CEBALLOS, Córdoba, Argentina","-31,4153564","-64,1778794","Salta 191, Córdoba, Argentina",Match,Google
ESC SANTO TOMAS,CASEROS 745,8,92,99,2770,1-3,Capital,SECCIONAL TERCERA,1,3,,,Córdoba,"CASEROS 745, Córdoba, Córdoba, Argentina","-31,4153623","-64,1949891","Caseros 745, X5000AHO Córdoba, Argentina",Match,Google
ESC PRIMER TTE AVILA,QUINCHAN 1070,8,1910,1917,2792,1-11G,Capital,PARQUE REPUBLICA,1,11G,,,Córdoba,"QUINCHAN 1070, Córdoba, Córdoba, Argentina","-31,4162757","-64,2629558","Quinchan 1070, Córdoba, Argentina",Match,Google
ESC LUTERANO CONCORDIA,SANTA ANA 2011,16,2033,2048,5529,1-11J,Capital,SANTA ANA,1,11J,,,Córdoba,"SANTA ANA 2011, Córdoba, Córdoba, Argentina","-31,4163111","-64,2120858","Av. Sta Ana 2011, Córdoba, Argentina",Match,Google
CERVELLON/NTRA S DE LA MERCED,9 DE JULIO 465,9,7197,7205,3100,20-279,San Justo,ARROYITO,20,279,,,ARROYITO,"9 DE JULIO 465, ARROYITO, Córdoba, Argentina","-31,4168883","-63,0506328","9 de Julio 465, Arroyito, Córdoba, Argentina",Match,Google
ESCUELA PRIMERA JUNTA,ENTRE RIOS 2505,11,7616,7626,3779,20-310A,San Justo,SAN FRANCISCO SECC. NORTE,20,310A,,,San Francisco,"ENTRE RIOS 2505, San Francisco, Córdoba, Argentina","-31,4172479","-62,0914562","Entre Ríos 2505, San Francisco, Córdoba, Argentina",Match,Google
INST DR D VELEZ SARSFIELD,BERNARDO ERB 320,15,7168,7182,5174,20-279,San Justo,ARROYITO,20,279,,,ARROYITO,"BERNARDO ERB 320, ARROYITO, Córdoba, Argentina","-31,4173293","-63,0596423","Bernardo Erb 320, Arroyito, Córdoba, Argentina",Match,Google
ESC MUNIC JUAN B JUSTO,INT RAMON B MESTRE       S/N,7,2081,2087,2395,1-11K,Capital,VILLA GRAL URQUIZA,1,11K,,,Córdoba,"INT RAMON B MESTRE       S/N, Córdoba, Córdoba, Argentina","-31,4173435","-64,152349","Int. Ramon B. Mestre, Córdoba, Argentina",Match,Google
EE UU DE NORTEAMERICA,LA PAMPA 550,9,1422,1430,3111,1-10G,Capital,OBSERVATORIO,1,10G,,,Córdoba,"LA PAMPA 550, Córdoba, Córdoba, Argentina","-31,4175012","-64,2052993","La Pampa 550, Córdoba, Argentina",Match,Google
COLEGIO SAN JOSE,SOL DE MAYO 726,12,2049,2060,4155,1-11J,Capital,SANTA ANA,1,11J,,,Córdoba,"SOL DE MAYO 726, Córdoba, Córdoba, Argentina","-31,4177184","-64,2110015","Sol de Mayo 726, Córdoba, Argentina",Match,Google
ESC NUESTRA SEÑORA DEL HUERTO,BELGRANO 269,12,8,19,4111,1-1,Capital,SECCIONAL PRIMERA,1,1,,,Córdoba,"BELGRANO 269, Córdoba, Córdoba, Argentina","-31,4178273","-64,1893619","Belgrano 269, X5000JQE Córdoba, Argentina",Match,Google
ESC ATILIO ARGÜELLO,LLANQUELEN 5100,10,1929,1938,3470,1-11G,Capital,PARQUE REPUBLICA,1,11G,,,Córdoba,"LLANQUELEN 5100, Córdoba, Córdoba, Argentina","-31,4184575","-64,253393","Llanquelen 5100, X5002DXJ Córdoba, Argentina",Match,Google
ESC GABRIELA MISTRAL,LEONOR DE TEJEDA 1353,10,615,624,3436,1-6D,Capital,JUNIORS,1,6D,,,Córdoba,"LEONOR DE TEJEDA 1353, Córdoba, Córdoba, Argentina","-31,4184758","-64,1651635","Da. Leonor de Tejeda 1353, X5004NXI Córdoba, Argentina",Match,Google
ESC M COOPERATIVISMO ARGENTINO,M BRAVO Y PJE.MATHEU 5030,14,481,494,4632,1-5F,Capital,RENACIMIENTO,1,5F,,,Córdoba,"M BRAVO Y PJE.MATHEU 5030, Córdoba, Córdoba, Argentina","-31,41862","-64,121648","Mario Bravo y Pje. Matheu B°, Renacimiento, X5006 Córdoba, Argentina",Match,Google
COL NAC DE MONSERRAT,OBISPO TREJO 294,18,20,37,6177,1-1,Capital,SECCIONAL PRIMERA,1,1,,,Córdoba,"OBISPO TREJO 294, Córdoba, Córdoba, Argentina","-31,4188313","-64,1871521","Obispo Trejo 294, X5022IYF Córdoba, Argentina",Match,Google
E.N.E.T. N° 4 COPERNICO,MARIANO MORENO 551,26,1396,1421,8986,1-10G,Capital,OBSERVATORIO,1,10G,,,Córdoba,"MARIANO MORENO 551, Córdoba, Córdoba, Argentina","-31,4188969","-64,1995902","Mariano Moreno 551, X5000 Córdoba, Argentina",Match,Google
ESCUELA N°198(ESC GIMENEZ LAGO,ARROYITO,14,7183,7196,4815,20-279,San Justo,ARROYITO,20,279,,,ARROYITO,"ARROYITO, ARROYITO, Córdoba, Argentina","-31,4192155","-63,0508598","Arroyito, Cordoba, Argentina",Match,Google
ESC JOSE MARIA PAZ,VELEZ SARSFILD 1049,9,7159,7167,3106,20-279,San Justo,ARROYITO,20,279,,,ARROYITO,"VELEZ SARSFILD 1049, ARROYITO, Córdoba, Argentina","-31,4192897","-63,053548","Vélez Sarsfield 1049, Arroyito, Córdoba, Argentina",Match,Google
ESC MANUEL BELGRANO,RIVADAVIA 473,12,7147,7158,4146,20-279,San Justo,ARROYITO,20,279,,,ARROYITO,"RIVADAVIA 473, ARROYITO, Córdoba, Argentina","-31,4193435","-63,0502619","Rivadavia 473, Arroyito, Córdoba, Argentina",Match,Google
ESC CARLOS NICANDRO PAZ,SAN MARTIN 255,17,5429,5445,5923,12-156,Punilla,VILLA CARLOS PAZ,12,156,,,VILLA CARLOS PAZ,"SAN MARTIN 255, VILLA CARLOS PAZ, Córdoba, Argentina","-31,419364","-64,4963609","Av. San Martín 255, X5152 Villa Carlos Paz, Córdoba, Argentina",Match,Google
COL  NUESTRA SEÑORA DE NIEVA,AYACUCHO 442,18,1431,1448,6223,1-10G,Capital,OBSERVATORIO,1,10G,,,Córdoba,"AYACUCHO 442, Córdoba, Córdoba, Argentina","-31,419802","-64,191748","Ayacucho 442, X5000JUJ Córdoba, Argentina",Match,Google
ESC DGO F SARMIENTO,LOPEZ Y PLANES 2253,14,505,518,4826,1-5G,Capital,SAN VICENTE,1,5G,,,Córdoba,"LOPEZ Y PLANES 2253, Córdoba, Córdoba, Argentina","-31,4203513","-64,1545513","López y Planes 2253, X5006ENC Córdoba, Argentina",Match,Google
ESC PANAMERICANA,SOTO  - 919,10,347,356,3404,1-5,Capital,ALTAMIRA,1,5,,,Córdoba,"SOTO  - 919, Córdoba, Córdoba, Argentina","-31,4206602","-64,1252012","Soto 919, X5006HZE Córdoba, Argentina",Match,Google
ESC GRECIA,PEDERNERA 952,11,336,346,3754,1-5,Capital,ALTAMIRA,1,5,,,Córdoba,"PEDERNERA 952, Córdoba, Córdoba, Argentina","-31,4208643","-64,1388681","Pedernera 952, X5006EXT Córdoba, Argentina",Match,Google
ESC JOSE MARIA PAZ,REPUBLICA DEL LIBANO 1049,12,7640,7651,4124,20-310A,San Justo,SAN FRANCISCO SECC. NORTE,20,310A,,,San Francisco,"REPUBLICA DEL LIBANO 1049, San Francisco, Córdoba, Argentina","-31,421158","-62,0829952","Av. del Libertador Norte 920, San Francisco, Córdoba, Argentina",Match,Google
ESC BRIGADIER C SAAVEDRA,ARENALES Y LA PLATA 900,11,625,635,3772,1-6D,Capital,JUNIORS,1,6D,,,Córdoba,"ARENALES Y LA PLATA 900, Córdoba, Córdoba, Argentina","-31,4216236","-64,169595","La Plata 900, Córdoba, Argentina",Match,Google
ESC SANTA MARGARITA DE CORTONA,LOPEZ Y PLANES 2958,10,495,504,3439,1-5G,Capital,SAN VICENTE,1,5G,,,Córdoba,"LOPEZ Y PLANES 2958, Córdoba, Córdoba, Argentina","-31,4217956","-64,1458897","López y Planes 2958, X5006ENR Córdoba, Argentina",Match,Google
ESC  SANTISIMA TRINIDAD,BLAMEY LAFORE  - 1248,7,1832,1838,2391,1-11D,Capital,LOS NARANJOS,1,11D,,,Córdoba,"BLAMEY LAFORE  - 1248, Córdoba, Córdoba, Argentina","-31,422278","-64,2220809","Blamey Lafore 1248, X5010AVD Córdoba, Argentina",Match,Google
ESC.REPUBLICA DEL ECUADOR,HURTADO DE MENDOZA ESQ PEDRO ACUÑA,10,1993,2002,3439,1-11I,Capital,RESIDENCIAL SAN ROQUE,1,11I,,,Córdoba,"HURTADO DE MENDOZA ESQ PEDRO ACUÑA, Córdoba, Córdoba, Argentina","-31,4223196","-64,2428055","Calle Hurtado de Mendoza & Pedro Ignacio Acuña, Córdoba, Argentina",Match,Google
ESC JOSE MARMOL,AV LOS PLATANOS 1346,11,1851,1861,3832,1-11E,Capital,LOS PLATANOS,1,11E,,,Córdoba,"AV LOS PLATANOS 1346, Córdoba, Córdoba, Argentina","-31,422933","-64,2310642","Av. los Platanos 1346, X5010BKU Córdoba, Argentina",Match,Google
IPET N°66 DR JOSE A BALSEIRO,HIPOLITO YRIGOYEN 258,14,146,159,4837,1-4,Capital,NUEVA CORDOBA,1,4,,,Córdoba,"HIPOLITO YRIGOYEN 258, Córdoba, Córdoba, Argentina","-31,4233831","-64,1874695","Av. Hipólito Yrigoyen 258, X5000JHP Córdoba, Argentina",Match,Google
COL SAN FCO DE ASIS,JUAN JOSE PASO 1650,9,7601,7609,3091,20-310A,San Justo,SAN FRANCISCO SECC. NORTE,20,310A,,,San Francisco,"JUAN JOSE PASO 1650, San Francisco, Córdoba, Argentina","-31,4240703","-62,0832103","Juan José Paso 1650, San Francisco, Córdoba, Argentina",Match,Google
ESC PTE RIVADAVIA,AGUSTIN GARZON 1563,12,519,530,4121,1-5G,Capital,SAN VICENTE,1,5G,,,Córdoba,"AGUSTIN GARZON 1563, Córdoba, Córdoba, Argentina","-31,4240807","-64,1632368","Agustín Garzón 1563, X5006FUK Córdoba, Argentina",Match,Google
INST BILINGUE DANTE ALIGHIERI,ALFONSINA STORNI Y LOS ALERCES,17,5548,5564,5900,12-156,Punilla,VILLA CARLOS PAZ,12,156,,,VILLA CARLOS PAZ,"ALFONSINA STORNI Y LOS ALERCES, VILLA CARLOS PAZ, Córdoba, Argentina","-31,4244087","-64,5199525","Los Alerces & Alfonsina Storni, Villa Carlos Paz, Córdoba, Argentina",Match,Google
ESC ADOLFO SALDIAS,BOLIVAR 896,8,1449,1456,2758,1-10G,Capital,OBSERVATORIO,1,10G,,,Córdoba,"BOLIVAR 896, Córdoba, Córdoba, Argentina","-31,4245913","-64,1951947","Gral. Simón Bolívar 896, X5000JZR Córdoba, Argentina",Match,Google
ESC PROV R GUTIERREZ,POETA LUGONES 88,10,7663,7672,3139,20-314,San Justo,TRANSITO,20,314,,,TRANSITO,"POETA LUGONES 88, TRANSITO, Córdoba, Argentina","-31,4248604","-64,1760876","65 X5000HZN, Av. Poeta Lugones 17, X5000HZA Córdoba, Argentina",Match,Google
ESC PADRE T GAMBINO,ISEAS 1550,10,1869,1878,3476,1-11E,Capital,LOS PLATANOS,1,11E,,,Córdoba,"ISEAS 1550, Córdoba, Córdoba, Argentina","-31,4249835","-64,2381367","José Iseas 1550, Córdoba, Argentina",Match,Google
ESC ESPAÑA,M BRAVO Y ENTRE RIOS,14,322,335,4770,1-5,Capital,ALTAMIRA,1,5,,,Córdoba,"M BRAVO Y ENTRE RIOS, Córdoba, Córdoba, Argentina","-31,4256417","-64,1219915","Entre Ríos & Mario Bravo, Córdoba, Argentina",Match,Google
ESC MARIA IGNACIA NAVARRO DE L,CORRIENTES 2006,9,531,539,3086,1-5G,Capital,SAN VICENTE,1,5G,,,Córdoba,"CORRIENTES 2006, Córdoba, Córdoba, Argentina","-31,4258532","-64,1584044","Corrientes 2006, Córdoba, Argentina",Match,Google
ESC JOSE BERRNARDO ITURRASPE,CABRERA 1736,17,7574,7590,5831,20-310A,San Justo,SAN FRANCISCO SECC. NORTE,20,310A,,,San Francisco,"CABRERA 1736, San Francisco, Córdoba, Argentina","-31,4266681","-62,0848141","J. L. de Cabrera 1736, San Francisco, Córdoba, Argentina",Match,Google
ESC ROQUE SAENZ PEÑA,AV VELEZ SARSFIELD 1000,14,1186,1199,4842,1-10,Capital,BELLA VISTA,1,10,,,Córdoba,"AV VELEZ SARSFIELD 1000, Córdoba, Córdoba, Argentina","-31,4266704","-64,1915779","Av. Vélez Sarsfield 1000, Córdoba, Argentina",Match,Google
ELENA LOPEZ LALLANA,AGUSTIN GARZON 5600,10,368,377,3304,1-5A,Capital,COLONIA LOLA,1,5A,,,Córdoba,"AGUSTIN GARZON 5600, Córdoba, Córdoba, Argentina","-31,4273974","-64,114651","Agustín Garzón 5600, X5006AZN Córdoba, Argentina",Match,Google
ESC DOMINGO F SARMIENTO,ALMAFUERTE 104,10,7591,7600,3429,20-310A,San Justo,SAN FRANCISCO SECC. NORTE,20,310A,,,San Francisco,"ALMAFUERTE 104, San Francisco, Córdoba, Argentina","-31,4274694","-62,0935531","Almafuerte 104, San Francisco, Córdoba, Argentina",Match,Google
ESC A CAPDEVILA,ALBERTO WILLIAMS ESQ.LOS PLATANOS,7,1862,1868,2436,1-11E,Capital,LOS PLATANOS,1,11E,,,Córdoba,"ALBERTO WILLIAMS ESQ.LOS PLATANOS, Córdoba, Córdoba, Argentina","-31,4280264","-64,2322857","Alberto Williams & Avenida los Platanos, Córdoba, Argentina",Match,Google
ESC PROVINCIA DE LA RIOJA,JUNIN 3480,9,384,392,3121,1-5C,Capital,EMPALME,1,5C,,,Córdoba,"JUNIN 3480, Córdoba, Córdoba, Argentina","-31,4283173","-64,1402318","Junín 3480, Córdoba, Argentina",Match,Google
INST R ESCALADA DE SAN MARTIN,ESTRADA Y ANTARTIDA,16,5504,5519,5575,12-156,Punilla,VILLA CARLOS PAZ,12,156,,,VILLA CARLOS PAZ,"ESTRADA Y ANTARTIDA, VILLA CARLOS PAZ, Córdoba, Argentina","-31,4283626","-64,4919908","Avenida Estrada & La Antártida, X5152 Villa Carlos Paz, Córdoba, Argentina",Match,Google
IPEM 400 LOPEZ LALLANA,CORRIENTES 5583,7,429,435,2421,1-5C,Capital,EMPALME,1,5C,,,Córdoba,"CORRIENTES 5583, Córdoba, Córdoba, Argentina","-31,4284218","-64,1143374","Corrientes 5583, Córdoba, Argentina",Match,Google
ESC REPUBLICA DEL PERU,GOYENA Y GOMEZ CARRILLO,12,1820,1831,4109,1-11D,Capital,LOS NARANJOS,1,11D,,,Córdoba,"GOYENA Y GOMEZ CARRILLO, Córdoba, Córdoba, Argentina","-31,4290097","-64,2198532","Manuel Gómez Carrillo & Pedro Goyena, Córdoba, Argentina",Match,Google
ESC PTE HIPOLITO IRIGOYEN,JUJUY 205,13,7627,7639,4466,20-310A,San Justo,SAN FRANCISCO SECC. NORTE,20,310A,,,San Francisco,"JUJUY 205, San Francisco, Córdoba, Argentina","-31,4292751","-62,074688","Jujuy 205, San Francisco, Córdoba, Argentina",Match,Google
INST JESUS MARIA,VIEYTES SUD 1635,18,1802,1819,6176,1-11D,Capital,LOS NARANJOS,1,11D,,,Córdoba,"VIEYTES SUD 1635, Córdoba, Córdoba, Argentina","-31,4294948","-64,2191558","Hipólito Vieytes 1635, Córdoba, Argentina",Match,Google
ESC MAURO FERNANDEZ,AVIADOR ALBARRACIN 4227,10,1981,1990,3455,1-11I,Capital,RESIDENCIAL SAN ROQUE,1,11I,,,Córdoba,"AVIADOR ALBARRACIN 4227, Córdoba, Córdoba, Argentina","-31,4295561","-64,2423801","González Albarracín 4227, X5010IRM Córdoba, Argentina",Match,Google
INST INDUSTRIAL CRISTO OBRERO,FLORENCIO SANCHEZ S/N-B°LAS MALVINAS,10,5520,5529,3475,12-156,Punilla,VILLA CARLOS PAZ,12,156,,,VILLA CARLOS PAZ,"FLORENCIO SANCHEZ S/N-B°LAS MALVINAS, VILLA CARLOS PAZ, Córdoba, Argentina","-31,4301111","-64,4908575","Florencio Sanchez s/n, GKB, X5152 Villa Carlos Paz, Córdoba, Argentina",Match,Google
ESC GDOR EMILIO OLMOS,AV FUERZA AEREA 2229,10,1457,1466,3423,1-10H,Capital,PARQUE CAPITAL,1,10H,,,Córdoba,"AV FUERZA AEREA 2229, Córdoba, Córdoba, Argentina","-31,4307116","-64,2187554","Av. Fuerza Aerea Argentina 2229, Córdoba, Argentina",Match,Google
COL NACIONAL DEAN FUNES,PERU 10,20,126,145,6941,1-4,Capital,NUEVA CORDOBA,1,4,,,Córdoba,"PERU 10, Córdoba, Córdoba, Argentina","-31,4307656","-64,1904995","Perú 10, X5000CGB Córdoba, Argentina",Match,Google
COL SUP SAN MARTIN,PJE CHAMPAGNAT (SUR) 57,13,7516,7528,4483,20-310,San Justo,SAN FRANCISCO SECC. SUR,20,310,,,San Francisco,"PJE CHAMPAGNAT (SUR) 57, San Francisco, Córdoba, Argentina","-31,4308097","-62,082522","Pje. Champagnat Sur 57, San Francisco, Córdoba, Argentina",Match,Google
ESC BARTOLOME HIDALGO,TEJEDOR 1958,7,2197,2203,2402,1-12B,Capital,COLON,1,12B,,,Córdoba,"TEJEDOR 1958, Córdoba, Córdoba, Argentina","-31,4312116","-64,1552658","Carlos Tejedor 1958, Córdoba, Argentina",Match,Google
ESC JUAN LARREA,LUIS BRAILE 2273,8,2204,2211,2749,1-12B,Capital,COLON,1,12B,,,Córdoba,"LUIS BRAILE 2273, Córdoba, Córdoba, Argentina","-31,4319283","-64,1556938","Luis Braile 2273, X5014AQI Córdoba, Argentina",Match,Google
INST MANUEL BELGRANO,LUIS BRAILE 2384,8,2222,2229,2752,1-12B,Capital,COLON,1,12B,,,Córdoba,"LUIS BRAILE 2384, Córdoba, Córdoba, Argentina","-31,4321216","-64,1542217","Luis Braile 2384, X5014AQL Córdoba, Argentina",Match,Google
E.N.E.T. N°1 DR A SABATTINI,AV VELEZ SARSFIELD 1490,9,1219,1227,3104,1-10,Capital,BELLA VISTA,1,10,,,Córdoba,"AV VELEZ SARSFIELD 1490, Córdoba, Córdoba, Argentina","-31,4322151","-64,1940732","Av. Vélez Sarsfield 1490, Córdoba, Argentina",Match,Google
ESC VICTOR MERCANTE,CAUCETE 4008,11,393,403,3800,1-5C,Capital,EMPALME,1,5C,,,Córdoba,"CAUCETE 4008, Córdoba, Córdoba, Argentina","-31,4323407","-64,1337582","Caucete 4008, Córdoba, Argentina",Match,Google
ESC ISABEL LA CATOLICA,SUBOF OTANO S/N°,14,1659,1672,4784,1-11,Capital,AERONAUTICO,1,11,,,Córdoba,"SUBOF OTANO S/N°, Córdoba, Córdoba, Argentina","-31,4324503","-64,255954","Av. Fuerza Aerea Argentina Km. 4,500, X5103 Córdoba, Argentina",Match,Google
ESCUELA RIO NEGRO,CASEROS 518,11,7538,7548,3781,20-310,San Justo,SAN FRANCISCO SECC. SUR,20,310,,,San Francisco,"CASEROS 518, San Francisco, Córdoba, Argentina","-31,4328123","-62,0980308","Av. Caseros 518, San Francisco, Córdoba, Argentina",Match,Google
ESC REPUBLICA ARGENTINA,VARELA ORTIZ 2112,7,1382,1388,2412,1-10F,Capital,MATIENZO,1,10F,,,Córdoba,"VARELA ORTIZ 2112, Córdoba, Córdoba, Argentina","-31,4340255","-64,237639","Av. Rufino Varela Ortiz 2112, Córdoba, Argentina",Match,Google
IPEM 38 FRANC. PABLO DE MAURO,PAUNERO Y ARENAL,9,179,187,3110,1-4,Capital,NUEVA CORDOBA,1,4,,,Córdoba,"PAUNERO Y ARENAL, Córdoba, Córdoba, Argentina","-31,4343455","-64,1786568","Wenceslao Paunero & Avenida Concepción Arenal, Córdoba, Argentina",Match,Google
ESC GDOR ALVAREZ,C ARENAL 699,9,160,168,3110,1-4,Capital,NUEVA CORDOBA,1,4,,,Córdoba,"C ARENAL 699, Córdoba, Córdoba, Argentina","-31,4343488","-64,1786462","Av. Concepción Arenal 699, Córdoba, Argentina",Match,Google
ESCUELA RAFAEL NUÑEZ,PARAGUAY 1776,9,7565,7573,3112,20-310,San Justo,SAN FRANCISCO SECC. SUR,20,310,,,San Francisco,"PARAGUAY 1776, San Francisco, Córdoba, Argentina","-31,4344458","-62,0872076","Paraguay 1776, San Francisco, Córdoba, Argentina",Match,Google
ESC MONSEÑOR M DE ANDREA,17 DE JULIO 3980,10,2246,2255,3452,1-12D,Capital,JOSE IGNACIO DIAZ,1,12D,,,Córdoba,"17 DE JULIO 3980, Córdoba, Córdoba, Argentina","-31,4346212","-64,1359023","17 de Julio 3980, X5014AWH Córdoba, Argentina",Match,Google
ESC R ESCALADA DE SAN MARTIN,ESPORA 2283,13,1467,1479,4444,1-10H,Capital,PARQUE CAPITAL,1,10H,,,Córdoba,"ESPORA 2283, Córdoba, Córdoba, Argentina","-31,4353237","-64,2263508","Espora 2283, X5011AZE Córdoba, Argentina",Match,Google
ESC PRESIDENTE SARMIENTO,LOS GIGANTES S/N-,12,5446,5457,4172,12-156,Punilla,VILLA CARLOS PAZ,12,156,,,VILLA CARLOS PAZ,"LOS GIGANTES S/N-, VILLA CARLOS PAZ, Córdoba, Argentina","-31,4353396","-64,5072988","Los Gigantes, Villa Carlos Paz, Córdoba, Argentina",Match,Google
POETA OSCAR GUIÑAZU ALVAREZ,ASTURIAS 3300,8,2301,2308,2760,1-12D,Capital,JOSE IGNACIO DIAZ,1,12D,,,Córdoba,"ASTURIAS 3300, Córdoba, Córdoba, Argentina","-31,4354596","-64,1437151","Asturias 3300, X5014BRF Córdoba, Argentina",Match,Google
ESC.PROV.B.RIVADAVIA,PUBLICA,1,3552,3552,289,3-29A,Colón,TINOCO,3,29A,,,TINOCO,"PUBLICA, TINOCO, Córdoba, Argentina","-31,435519","-64,185819","Bv. Enrique Barros S/N Cordoba Córdoba AR, X5000 HRV, Argentina",Match,Google
ESC. DR. JUAN M. ALBARENQUE,PUBLICA,1,3311,3311,279,2-21,Calamuchita,LAS BAJADAS,2,21,,,LAS BAJADAS,"PUBLICA, LAS BAJADAS, Córdoba, Argentina","-31,435519","-64,185819","Bv. Enrique Barros S/N Cordoba Córdoba AR, X5000 HRV, Argentina",Match,Google
FRAY JUSTO STA MARÍA DE ORO,CALLAO 2320,12,417,428,4151,1-5C,Capital,EMPALME,1,5C,,,Córdoba,"CALLAO 2320, Córdoba, Córdoba, Argentina","-31,4358535","-64,1206174","Callao 2320, Córdoba, Argentina",Match,Google
ESC CADETES FUERZA AEREA,LEOPOLDO CASAVEGA 2320,11,1320,1330,3762,1-10E,Capital,ESTACION FLORES,1,10E,,,Córdoba,"LEOPOLDO CASAVEGA 2320, Córdoba, Córdoba, Argentina","-31,436007","-64,251219","Leopoldo Casavega 2320, Córdoba, Argentina",Match,Google
ESC EMILIO F OLMOS (IPEM N°50),RIVADAVIA 679,13,7494,7506,4489,20-310,San Justo,SAN FRANCISCO SECC. SUR,20,310,,,San Francisco,"RIVADAVIA 679, San Francisco, Córdoba, Argentina","-31,4363148","-62,0876981","Rivadavia 679, San Francisco, Córdoba, Argentina",Match,Google
ESCUELA N AVELLANEDA,RIVADAVIA 648,16,7549,7564,5518,20-310,San Justo,SAN FRANCISCO SECC. SUR,20,310,,,San Francisco,"RIVADAVIA 648, San Francisco, Córdoba, Argentina","-31,4363452","-62,0876025","Rivadavia 648, San Francisco, Córdoba, Argentina",Match,Google
ESC GENERAL MITRE,SANTA FE 538,9,7507,7515,3101,20-310,San Justo,SAN FRANCISCO SECC. SUR,20,310,,,San Francisco,"SANTA FE 538, San Francisco, Córdoba, Argentina","-31,4364253","-62,0774544","Sta Fe 538, San Francisco, Córdoba, Argentina",Match,Google
INST NTRA SRA DEL SGDO CORAZON,REVOLUCION DE MAYO 1476,17,2180,2196,5840,1-12B,Capital,COLON,1,12B,,,Córdoba,"REVOLUCION DE MAYO 1476, Córdoba, Córdoba, Argentina","-31,4365466","-64,1666321","Av. Revolución de Mayo 1476, Córdoba, Argentina",Match,Google
INST EDUCACION CORDOBA,MARTIN FERREYRA 216,19,1200,1218,6548,1-10,Capital,BELLA VISTA,1,10,,,Córdoba,"MARTIN FERREYRA 216, Córdoba, Córdoba, Argentina","-31,4379507","-64,196594","Martín Ferreyra 216, Córdoba, Argentina",Match,Google
ESC AERONAUTICA ARGENTINA,ESMERALDA ESQ DIAZ DE LA FUENTE,10,1359,1368,3452,1-10F,Capital,MATIENZO,1,10F,,,Córdoba,"ESMERALDA ESQ DIAZ DE LA FUENTE, Córdoba, Córdoba, Argentina","-31,438381","-64,23728","Esmeralda 3749-3701, Córdoba, Argentina",Match,Google
ESC PROV JOSE MARIA PAZ,PUBLICA S/N,1,4154,4154,92,4-47,Cruz del Eje,IGLESIA VIEJA,4,47,,,IGLESIA VIEJA,"PUBLICA S/N, IGLESIA VIEJA, Córdoba, Argentina","-31,4386409","-64,1888849","Pabellón Argentina 2° piso, Haya de la Torre s/n, Ciudad Universitaria,, Córdoba, Argentina",Match,Google
ESC.PROV. BME. MITRE,PUBLICA,1,4170,4170,29,4-53,Cruz del Eje,SAN ANTONIO,4,53,,,SAN ANTONIO,"PUBLICA, SAN ANTONIO, Córdoba, Argentina","-31,4386409","-64,1888849","Pabellón Argentina 2° piso, Haya de la Torre s/n, Ciudad Universitaria,, Córdoba, Argentina",Match,Google
ESC HILARIO ASCASUBI,LUCIO V.MANSILLA ESQ. CADIZ,10,2212,2221,3433,1-12B,Capital,COLON,1,12B,,,Córdoba,"LUCIO V.MANSILLA ESQ. CADIZ, Córdoba, Córdoba, Argentina","-31,4388384","-64,1538893","Lucio V. Mansilla & Cádiz, Córdoba, Argentina",Match,Google
COL NUESTRA SEÑORA DE FATIMA,VARELA ORTIZ 2600,13,1369,1381,4478,1-10F,Capital,MATIENZO,1,10F,,,Córdoba,"VARELA ORTIZ 2600, Córdoba, Córdoba, Argentina","-31,438944","-64,237669","Av. Rufino Varela Ortiz 2600, X5003 Córdoba, Argentina",Match,Google
ESC MUNIC DR A DEL CASTILLO,OCTAVIANO NAVARRO 2575,7,1480,1486,2393,1-10H,Capital,PARQUE CAPITAL,1,10H,,,Córdoba,"OCTAVIANO NAVARRO 2575, Córdoba, Córdoba, Argentina","-31,4393574","-64,222423","Octaviano Navarro 2575, Córdoba, Argentina",Match,Google
ESC DOMINGO F SARMIENTO,PUBLICA S/N,3,4161,4163,789,4-50A,Cruz del Eje,LOS CHAÑARITOS,4,50A,,,LOS CHAÑARITOS,"PUBLICA S/N, LOS CHAÑARITOS, Córdoba, Argentina","-31,4394412","-64,1893433","1 s/n Pabellón Argentina X5000GYA, Av. Haya de la Torre, Córdoba, Argentina",Match,Google
ESC PROV JUAN B ALBERDI,PUBLICA S/N,1,4064,4064,212,4-43B,Cruz del Eje,CRUZ DE CAÑA,4,43B,,,CRUZ DE CAÑA,"PUBLICA S/N, CRUZ DE CAÑA, Córdoba, Argentina","-31,4394412","-64,1893433","1 s/n Pabellón Argentina X5000GYA, Av. Haya de la Torre, Córdoba, Argentina",Match,Google
ESC PROV DR PABLO RUEDA,PUBLICA S/N,9,3564,3572,3045,3-30,Colón,COLONIA TIROLESA,3,30,,,COLONIA TIROLESA,"PUBLICA S/N, COLONIA TIROLESA, Córdoba, Argentina","-31,4394412","-64,1893433","1 s/n Pabellón Argentina X5000GYA, Av. Haya de la Torre, Córdoba, Argentina",Match,Google
ESC PROV JUAN LARREA,PUBLICA S/N,1,3352,3352,315,2-25B,Calamuchita,LOS MOLINOS,2,25B,,,LOS MOLINOS,"PUBLICA S/N, LOS MOLINOS, Córdoba, Argentina","-31,4394412","-64,1893433","1 s/n Pabellón Argentina X5000GYA, Av. Haya de la Torre, Córdoba, Argentina",Match,Google
ESC PEDRO GOYENA,PJE GUASTONI 3472,14,2256,2269,4819,1-12D,Capital,JOSE IGNACIO DIAZ,1,12D,,,Córdoba,"PJE GUASTONI 3472, Córdoba, Córdoba, Argentina","-31,4394836","-64,1407668","Cabo Enrique Guastoni 3472, X5014CMB Córdoba, Argentina",Match,Google
ESC PADRE BURON,AVIADOR MIRA 2658,8,1331,1338,2743,1-10E,Capital,ESTACION FLORES,1,10E,,,Córdoba,"AVIADOR MIRA 2658, Córdoba, Córdoba, Argentina","-31,4395172","-64,2494137","Aviador Mira 2658, X5011CQP Córdoba, Argentina",Match,Google
ESC JUAN M DE PUEYRREDON,ANCASTI 4555,8,404,411,2760,1-5C,Capital,EMPALME,1,5C,,,Córdoba,"ANCASTI 4555, Córdoba, Córdoba, Argentina","-31,4397397","-64,1264477","Ancasti 4555, X5006AFA Córdoba, Argentina",Match,Google
ESC MANUEL BELGRANO,SUECIA 2832,10,1228,1237,3457,1-10,Capital,BELLA VISTA,1,10,,,Córdoba,"SUECIA 2832, Córdoba, Córdoba, Argentina","-31,4431389","-64,206154","Suecia 2832, Córdoba, Argentina",Match,Google
ESC MIGUEL A ZABALA ORTIZ,DIAZ DE LA FUENTE 3101,7,1389,1395,2414,1-10F,Capital,MATIENZO,1,10F,,,Córdoba,"DIAZ DE LA FUENTE 3101, Córdoba, Córdoba, Argentina","-31,4444124","-64,2370036","Díaz de la Fuente 3101, Córdoba, Argentina",Match,Google
COL PARROQUIAL CRISTO REDENTOR,JUSTINIANO POSSE - 864,7,277,283,2413,1-4B,Capital,VILLA REVOL,1,4B,,,Córdoba,"JUSTINIANO POSSE - 864, Córdoba, Córdoba, Argentina","-31,4450841","-64,1836226","Gdor. Justiniano Posse 864, X5016KQD Córdoba, Argentina",Match,Google
ESC DANTE ALIGHIERI,JOSE JAVIER DIAZ 421,15,224,238,5197,1-4A,Capital,PUEBLO LAS FLORES,1,4A,,,Córdoba,"JOSE JAVIER DIAZ 421, Córdoba, Córdoba, Argentina","-31,4461588","-64,1918855","Cnel. José Javier Díaz 421, Córdoba, Argentina",Match,Google
ESC PROV SARGENTO CABRAL,PUBLICA S/N,1,3757,3757,320,3-36,Colón,LA PUERTA,3,36,,,LA PUERTA,"PUBLICA S/N, LA PUERTA, Córdoba, Argentina","-31,4473565","-64,1338373","Pública E, Córdoba, Argentina",Match,Google
ESC ALMAFUERTE,CHANETON 390,7,195,201,2432,1-4A,Capital,PUEBLO LAS FLORES,1,4A,,,Córdoba,"CHANETON 390, Córdoba, Córdoba, Argentina","-31,4475573","-64,1925924","Abel Chaneton 390, X5016BMB Córdoba, Argentina",Match,Google
ESC GDOR J B BUSTOS,CACHEUTA Y BRANDAN-,11,1276,1286,3756,1-10B,Capital,CIUDADELA,1,10B,,,Córdoba,"CACHEUTA Y BRANDAN-, Córdoba, Córdoba, Argentina","-31,448494","-64,2118301","Doctor Gustavo Brandan & Cacheuta, Córdoba, Argentina",Match,Google
ESC MUNIC E MOLINARI ROMERO,PAMPAYASTA Y RUMIPAL,9,2339,2347,3115,1-12F,Capital,JOSE HERNANDEZ,1,12F,,,Córdoba,"PAMPAYASTA Y RUMIPAL, Córdoba, Córdoba, Argentina","-31,4497284","-64,1620726","Pampayasta & Rumipal, Córdoba, Argentina",Match,Google
ESC GRAL MANUEL BELGRANO,OLAEN Y AMBOY - 3230,11,2355,2365,3810,1-12F,Capital,JOSE HERNANDEZ,1,12F,,,Córdoba,"OLAEN Y AMBOY - 3230, Córdoba, Córdoba, Argentina","-31,4500203","-64,1659227","Amboy 3230, Córdoba, Argentina",Match,Google
COL NICOLAS BERROTARAN,ELIAS YOFRE - 1095,11,266,276,3797,1-4B,Capital,VILLA REVOL,1,4B,,,Córdoba,"ELIAS YOFRE - 1095, Córdoba, Córdoba, Argentina","-31,4508053","-64,1794041","Elías Yofre 1095, Córdoba, Argentina",Match,Google
ESC  ALAS ARGENTINA,BONN 4627,12,1341,1352,4089,1-10E,Capital,ESTACION FLORES,1,10E,,,Córdoba,"BONN 4627, Córdoba, Córdoba, Argentina","-31,4508078","-64,2473544","Bonn 4627, X5011FRI Córdoba, Argentina",Match,Google
ESC PCIA DE CATAMARCA,AV VELEZ SARSFIELD 3582,17,1253,1269,5812,1-10B,Capital,CIUDADELA,1,10B,,,Córdoba,"AV VELEZ SARSFIELD 3582, Córdoba, Córdoba, Argentina","-31,4512145","-64,2002257","Av. Vélez Sarsfield 3582, Córdoba, Argentina",Match,Google
COL.JOVENES ARGENTINOS,BOTAFOGO 3448,7,2374,2380,2420,1-12F,Capital,JOSE HERNANDEZ,1,12F,,,Córdoba,"BOTAFOGO 3448, Córdoba, Córdoba, Argentina","-31,4530591","-64,1750582","Botafogo 3448, X5014HHB Córdoba, Argentina",Match,Google
ESC SAN FRANCISCO DE ASIS,GUARDADO 184,14,210,223,4845,1-4A,Capital,PUEBLO LAS FLORES,1,4A,,,Córdoba,"GUARDADO 184, Córdoba, Córdoba, Argentina","-31,4536968","-64,1978505","José Guardado 184, X5016CID Córdoba, Argentina",Match,Google
ESC CONSTANCIO C VIGIL,J.LLERENA  - 5561,8,2135,2142,2712,1-12,Capital,AVELLANEDA,1,12,,,Córdoba,"J.LLERENA  - 5561, Córdoba, Córdoba, Argentina","-31,4540963","-64,109629","Juan Llerena 5561, Córdoba, Argentina",Match,Google
INST EDUC NTRA SEÑORA,INCA MANCO - 3450,17,239,255,5865,1-4B,Capital,VILLA REVOL,1,4B,,,Córdoba,"INCA MANCO - 3450, Córdoba, Córdoba, Argentina","-31,4544871","-64,1744218","Inca Manco 3450, Córdoba, Argentina",Match,Google
CENTRO.ING.REGINO M.MADERS,CHIRINO DE POSADAS 5400,8,2293,2300,2762,1-12D,Capital,JOSE IGNACIO DIAZ,1,12D,,,Córdoba,"CHIRINO DE POSADAS 5400, Córdoba, Córdoba, Argentina","-31,4548013","-64,1279777","Chirinos de Posadas 5400, Córdoba, Argentina",Match,Google
ESC MUNICIPAL DR A SABATTINI,DIEGO DE PACHECO 4900,8,2270,2277,2754,1-12D,Capital,JOSE IGNACIO DIAZ,1,12D,,,Córdoba,"DIEGO DE PACHECO 4900, Córdoba, Córdoba, Argentina","-31,4565753","-64,1304128","Diego Pacheco 4900, Córdoba, Argentina",Match,Google
ESC MUNIC DOMINGO F SARMIENTO,ABARCA Y VELAZCO 5267,7,2286,2292,2407,1-12D,Capital,JOSE IGNACIO DIAZ,1,12D,,,Córdoba,"ABARCA Y VELAZCO 5267, Córdoba, Córdoba, Argentina","-31,4570403","-64,1305991","Abarca y Velasco 5267, Córdoba, Argentina",Match,Google
ESC RICARDO BERNABE FERNANDEZ,LAS MARGARITAS 255-VA INDEPENDENCIA,8,5565,5572,2784,12-156,Punilla,VILLA CARLOS PAZ,12,156,,,VILLA CARLOS PAZ,"LAS MARGARITAS 255-VA INDEPENDENCIA, VILLA CARLOS PAZ, Córdoba, Argentina","-31,457788","-64,5056029","Las Margaritas 255, Villa Independencia, X5152BTA Villa Carlos Paz, Córdoba, Argentina",Match,Google
INST. AGROTECNICO STELLA MARIS,JUAN PABLO II-RUTA CNO CHANCANI,7,6955,6961,2299,18-265,San Alberto,SAN PEDRO,18,265,,,SAN PEDRO,"JUAN PABLO II-RUTA CNO CHANCANI, SAN PEDRO, Córdoba, Argentina","-31,4615106","-64,1468116","11 de Septiembre 4187, Córdoba, Argentina",Match,Google
ESC JUAN XXIII,BENAVIDEZ Y CONESA -,12,2123,2134,4073,1-12,Capital,AVELLANEDA,1,12,,,Córdoba,"BENAVIDEZ Y CONESA -, Córdoba, Córdoba, Argentina","-31,4629727","-64,1043629","Emilio Conesa & Nazario Benavidez, Córdoba, Argentina",Match,Google
ESC PROV JOSE DE SAN MARTIN,PUBLICA S/N,1,4361,4361,33,6-84,General San Martín,SANABRIA,6,84,,,SANABRIA,"PUBLICA S/N, SANABRIA, Córdoba, Argentina","-31,4632889","-64,2643069","Pública A Sur, Córdoba, Argentina",Match,Google
ESC PROV MANUEL BELGRANO,PUBLICA S/N,1,4274,4274,16,5-65,General Roca,LECUEDER,5,65,,,LECUEDER,"PUBLICA S/N, LECUEDER, Córdoba, Argentina","-31,4632889","-64,2643069","Pública A Sur, Córdoba, Argentina",Match,Google
ESC.PROV.J.J.CASTELLI,CALLE PUBLICA S/N,4,4214,4217,1393,4-57,Cruz del Eje,TUCLAME,4,57,,,TUCLAME,"CALLE PUBLICA S/N, TUCLAME, Córdoba, Argentina","-31,4632889","-64,2643069","Pública A Sur, Córdoba, Argentina",Match,Google
ESC.PROV.J.V.GONZALEZ,CALLE PUBLICA S/N,1,4169,4169,126,4-52,Cruz del Eje,PICHANAS,4,52,,,PICHANAS,"CALLE PUBLICA S/N, PICHANAS, Córdoba, Argentina","-31,4632889","-64,2643069","Pública A Sur, Córdoba, Argentina",Match,Google
ES PROV PATRICIAS ARGENTINA,CALLE PUBLICA S/N,1,4062,4062,41,4-43,Cruz del Eje,CANDELARIA,4,43,,,CANDELARIA,"CALLE PUBLICA S/N, CANDELARIA, Córdoba, Argentina","-31,4632889","-64,2643069","Pública A Sur, Córdoba, Argentina",Match,Google
ESC ING ALBERTO R MASCIAS,PUBLICA S/N,4,3401,3404,1367,3-27,Colón,ASCOCHINGA,3,27,,,ASCOCHINGA,"PUBLICA S/N, ASCOCHINGA, Córdoba, Argentina","-31,4632889","-64,2643069","Pública A Sur, Córdoba, Argentina",Match,Google
IPEM 357 (SEC ELPIDIO TORRES),CALLE PUBLICA S/N,13,1511,1523,4419,1-10I,Capital,PARQUE HORIZONTE,1,10I,,,Córdoba,"CALLE PUBLICA S/N, Córdoba, Córdoba, Argentina","-31,4632889","-64,2643069","Pública A Sur, Córdoba, Argentina",Match,Google
PRIMARIA ELPIDIO TORRES,CALLE PUBLICA S/N,12,1493,1504,4085,1-10I,Capital,PARQUE HORIZONTE,1,10I,,,Córdoba,"CALLE PUBLICA S/N, Córdoba, Córdoba, Argentina","-31,4632889","-64,2643069","Pública A Sur, Córdoba, Argentina",Match,Google
ESC ERNESTO BANCALARI,MONTERROSO 4597,7,188,194,2435,1-4A,Capital,PUEBLO LAS FLORES,1,4A,,,Córdoba,"MONTERROSO 4597, Córdoba, Córdoba, Argentina","-31,4642169","-64,2002005","Victoriano Monterroso 4597, Córdoba, Argentina",Match,Google
ESC MADRE TERESA DE CALCUTA,PALAMARA 2900,9,2429,2437,3055,1-12H,Capital,LOS CERVECEROS,1,12H,,,Córdoba,"PALAMARA 2900, Córdoba, Córdoba, Argentina","-31,4643716","-64,1567735","Onofrio Palamara 2900, Córdoba, Argentina",Match,Google
ESC PROV MANUEL BELGRANO,GRAL BUSTOS 700,13,7892,7904,4366,21-326,Santa María,MALAGUEÑO,21,326,,,MALAGUEÑO,"GRAL BUSTOS 700, MALAGUEÑO, Córdoba, Argentina","-31,4649714","-64,3567432","Gral. Bustos 700, Malagueño, Córdoba, Argentina",Match,Google
ESC PRIMARIA CARLOS M DE ALVEA,VUCETICH 6410,7,2397,2403,2417,1-12G,Capital,ITUZAINGO,1,12G,,,Córdoba,"VUCETICH 6410, Córdoba, Córdoba, Argentina","-31,4651299","-64,0980441","Av. Vucetich 6410, Córdoba, Argentina",Match,Google
COL VILLA EUCARISTICA,CNO A SAN CARLOS KM.5 1/2,7,298,304,2369,1-4D,Capital,VILLA EUCARISTICA,1,4D,,,Córdoba,"CNO A SAN CARLOS KM.5 1/2, Córdoba, Córdoba, Argentina","-31,468465","-64,170928","Av. Circunvalación y Camino San Carlos Km 4,5., X5000 Córdoba, Argentina",Match,Google
ESC BANDERA ARGENTINA,CASADO 2118,11,1524,1534,3812,1-10J,Capital,SANTA ISABEL,1,10J,,,Córdoba,"CASADO 2118, Córdoba, Córdoba, Argentina","-31,4719335","-64,235438","Fernando J. Casado 2118, Córdoba, Argentina",Match,Google
IPEM 123BLANCA ETCHEMENDI,IBARRA ESQUINA COSQUIN,10,1639,1648,3478,1-10L,Capital,VILLA EL LIBERTADOR,1,10L,,,Córdoba,"IBARRA ESQUINA COSQUIN, Córdoba, Córdoba, Argentina","-31,4719781","-64,2191108","Carmelo Ibarra & Calle Cosquin, Córdoba, Argentina",Match,Google
IPEN 310- PUERTO ARGENTINO,LUDUEÑA Y SARGENTO RIOS,8,290,297,2717,1-4C,Capital,INAUDI,1,4C,,,Córdoba,"LUDUEÑA Y SARGENTO RIOS, Córdoba, Córdoba, Argentina","-31,4751514","-64,192706","Sargento Ríos & Ludueña, Córdoba, Argentina",Match,Google
ESC PTE DR ARTURO U ILLIA,TOTORAL Y ARICA,11,1609,1619,3833,1-10L,Capital,VILLA EL LIBERTADOR,1,10L,,,Córdoba,"TOTORAL Y ARICA, Córdoba, Córdoba, Argentina","-31,4773743","-64,207176","Arica & Totoral, Córdoba, Argentina",Match,Google
ESC MUNIC FERNANDEZ ORDOÑEZ,CASA BLANCA ESQ ISLA VERDE 2DA SECC,7,1547,1553,2424,1-10J,Capital,SANTA ISABEL,1,10J,,,Córdoba,"CASA BLANCA ESQ ISLA VERDE 2DA SECC, Córdoba, Córdoba, Argentina","-31,479095","-64,228553","Casa Blanca Esq. Isla Verde B° Santa Isabel, X5017 Córdoba, Argentina",Match,Google
ESC PROV DE SGO DEL ESTERO,PABLO DE MAURO 558,8,1583,1590,2784,1-10L,Capital,VILLA EL LIBERTADOR,1,10L,,,Córdoba,"PABLO DE MAURO 558, Córdoba, Córdoba, Argentina","-31,4798635","-64,2133594","Francisco de Mauro 558, Córdoba, Argentina",Match,Google
ESC VICENTE FORESTIERI,RIO NEGRO 5800,9,1630,1638,3134,1-10L,Capital,VILLA EL LIBERTADOR,1,10L,,,Córdoba,"RIO NEGRO 5800, Córdoba, Córdoba, Argentina","-31,4805155","-64,2245179","Río Negro 5800, Córdoba, Argentina",Match,Google
IPEM 124.ADELA ROSA DE LA VEGA,AV IDELFONSO MUÑECAS,14,2232,2245,4593,1-12C,Capital,CORONEL OLMEDO,1,12C,,,Córdoba,"AV IDELFONSO MUÑECAS, Córdoba, Córdoba, Argentina","-31,4807624","-64,1384817","Av. Idelfonso Muñecas, Córdoba, Argentina",Match,Google
ESC ALEJANDRO CARBO,ICHO CRUZ 80,16,1288,1303,5379,1-10C,Capital,COMERCIAL,1,10C,,,Córdoba,"ICHO CRUZ 80, Córdoba, Córdoba, Argentina","-31,4811544","-64,2056101","Icho Cruz 80, Córdoba, Argentina",Match,Google
ESC MUN YAMAHIBIA ARABE LIBIA,COLORADO ESQ GAIMAN,9,1238,1246,3070,1-10A,Capital,CABILDO,1,10A,,,Córdoba,"COLORADO ESQ GAIMAN, Córdoba, Córdoba, Argentina","-31,4884578","-64,2345711","Río Colorado & Gaiman, Córdoba, Argentina",Match,Google
ESCUELA RECONQUISTA,CORDOBA 851,9,6740,6748,3058,16-245,Río Segundo,VILLA DEL ROSARIO,16,245,,,VILLA DEL ROSARIO,"CORDOBA 851, VILLA DEL ROSARIO, Córdoba, Argentina","-31,5535491","-63,5300227","Córdoba, Villa del Rosario, Córdoba, Argentina",Match,Google
ESC PROV JUAN B ALBERDI,TOLEDO,8,7954,7961,2693,21-331,Santa María,TOLEDO,21,331,,,TOLEDO,"TOLEDO, TOLEDO, Córdoba, Argentina","-31,5556585","-64,0064846","Toledo, Cordoba, Argentina",Match,Google
IPEM 107 REINO DE ESPAÑA,TOLEDO,7,7962,7968,2357,21-331,Santa María,TOLEDO,21,331,,,TOLEDO,"TOLEDO, TOLEDO, Córdoba, Argentina","-31,5556585","-64,0064846","Toledo, Cordoba, Argentina",Match,Google
COLEGIO SAN JOSE,SAN MARTIN 485,12,6768,6779,4078,16-245,Río Segundo,VILLA DEL ROSARIO,16,245,,,VILLA DEL ROSARIO,"SAN MARTIN 485, VILLA DEL ROSARIO, Córdoba, Argentina","-31,5583669","-63,5399313","Av. San Martín 485, Villa del Rosario, Córdoba, Argentina",Match,Google
ESC SUP DE COM JOSE M PAZ,CORRIENTES 852,7,6761,6767,2367,16-245,Río Segundo,VILLA DEL ROSARIO,16,245,,,VILLA DEL ROSARIO,"CORRIENTES 852, VILLA DEL ROSARIO, Córdoba, Argentina","-31,5602002","-63,5357166","Corrientes 852, Villa del Rosario, Córdoba, Argentina",Match,Google
ESC GRAL JOSE DE SAN MARTIN,CORDOBA 649,10,6567,6576,3399,16-237,Río Segundo,LUQUE,16,237,,,LUQUE,"CORDOBA 649, LUQUE, Córdoba, Argentina","-31,642987","-63,3464917","Avenida Cordoba 649, Luque, Córdoba, Argentina",Match,Google
ESCUELA CURA ELEODORO FIERRO,RAMON J CARCANO 135,13,7760,7772,4501,21-316,Santa María,ALTA GRACIA,21,316,,,ALTA GRACIA,"RAMON J CARCANO 135, ALTA GRACIA, Córdoba, Argentina","-31,6462273","-64,4358367","R. J. Cárcano 135, Alta Gracia, Córdoba, Argentina",Match,Google
ESC PRIMER GOBIERNO PATRIO,RIVADAVIA 915,13,6695,6707,4495,16-243,Río Segundo,RIO SEGUNDO,16,243,,,RIO SEGUNDO,"RIVADAVIA 915, RIO SEGUNDO, Córdoba, Argentina","-31,6493392","-63,9114643","Bernardino Rivadavia 915, Río Segundo, Córdoba, Argentina",Match,Google
IPEM N° 300,SAN JUAN 871,7,6560,6566,2378,16-237,Río Segundo,LUQUE,16,237,,,LUQUE,"SAN JUAN 871, LUQUE, Córdoba, Argentina","-31,651251","-63,347358","San Juan 871, X5967 Luque, Córdoba, Argentina",Match,Google
ESC CONGRESO DE TUCUMAN,SAN MARTIN 1176,10,6720,6729,3449,16-243,Río Segundo,RIO SEGUNDO,16,243,,,RIO SEGUNDO,"SAN MARTIN 1176, RIO SEGUNDO, Córdoba, Argentina","-31,6525307","-63,9143605","Av. San Martín 1176, Río Segundo, Córdoba, Argentina",Match,Google
INST SUP ANGLO AMERICANO,BV CARLOS PELLEGRINI 637,7,7712,7718,2433,21-316,Santa María,ALTA GRACIA,21,316,,,ALTA GRACIA,"BV CARLOS PELLEGRINI 637, ALTA GRACIA, Córdoba, Argentina","-31,652559","-64,44155","Bv. Carlos Pellegrini 637, X5186 Alta Gracia, Córdoba, Argentina",Match,Google
ESCUELA SAN MARTIN,URUGUAY 200,9,7729,7737,3124,21-316,Santa María,ALTA GRACIA,21,316,,,ALTA GRACIA,"URUGUAY 200, ALTA GRACIA, Córdoba, Argentina","-31,6538207","-64,4324168","Uruguay 200, X5186EWB Alta Gracia, Córdoba, Argentina",Match,Google
ESC VICTOR MERCANTE,MARCONI 591,12,6708,6719,4145,16-243,Río Segundo,RIO SEGUNDO,16,243,,,RIO SEGUNDO,"MARCONI 591, RIO SEGUNDO, Córdoba, Argentina","-31,6542041","-63,9051573","Marconi 591, Río Segundo, Córdoba, Argentina",Match,Google
ESC NAC NORM SUP ALTA GRACIA,JOSE HERNANDEZ 201,10,7719,7728,3476,21-316,Santa María,ALTA GRACIA,21,316,,,ALTA GRACIA,"JOSE HERNANDEZ 201, ALTA GRACIA, Córdoba, Argentina","-31,6564426","-64,4254181","José Hernández 201, Alta Gracia, Córdoba, Argentina",Match,Google
ESCUELA JOSE MARIA PAZ,PERALTA 80,9,7781,7789,3117,21-316,Santa María,ALTA GRACIA,21,316,,,ALTA GRACIA,"PERALTA 80, ALTA GRACIA, Córdoba, Argentina","-31,6576664","-64,4179894","Int. Luis Héctor Peralta 80, Alta Gracia, Córdoba, Argentina",Match,Google
I.P.E.M. N° 298,RAFAEL LOZADA 53,14,7746,7759,4868,21-316,Santa María,ALTA GRACIA,21,316,,,ALTA GRACIA,"RAFAEL LOZADA 53, ALTA GRACIA, Córdoba, Argentina","-31,6582193","-64,4329783","Rafael Lozada 53, Alta Gracia, Córdoba, Argentina",Match,Google
ESCUELA MANUEL SOLARES,ESPAÑA 26,8,7773,7780,2772,21-316,Santa María,ALTA GRACIA,21,316,,,ALTA GRACIA,"ESPAÑA 26, ALTA GRACIA, Córdoba, Argentina","-31,6582448","-64,4342627","España 26, Alta Gracia, Córdoba, Argentina",Match,Google
ESC SANTIAGO DE LINIERS,AV DE MAYO Y ESMERALDA,8,7790,7797,2777,21-316,Santa María,ALTA GRACIA,21,316,,,ALTA GRACIA,"AV DE MAYO Y ESMERALDA, ALTA GRACIA, Córdoba, Argentina","-31,6606665","-64,4466289","Avenida de Mayo & Esmeralda, Alta Gracia, Córdoba, Argentina",Match,Google
ESC COMANDANTE ESPORA,3 DE FEBRERO 362,12,7676,7687,4175,21-316,Santa María,ALTA GRACIA,21,316,,,ALTA GRACIA,"3 DE FEBRERO 362, ALTA GRACIA, Córdoba, Argentina","-31,6622557","-64,4308848","3 de Febrero 362, X5186CBH Alta Gracia, Córdoba, Argentina",Match,Google
ESCUELA FERNANDO FADER,PUBLICA S/N,1,4715,4715,71,7-97,Ischilín,ISCHILIN,7,97,,,ISCHILIN,"PUBLICA S/N, ISCHILIN, Córdoba, Argentina","-31,6670896","-63,1999056","Santa Teresa, Calchín, Córdoba, Argentina",Match,Google
INST DE LA MISERICORDIA,PADRE DOMINGO VIERA 151,10,7702,7711,3469,21-316,Santa María,ALTA GRACIA,21,316,,,ALTA GRACIA,"PADRE DOMINGO VIERA 151, ALTA GRACIA, Córdoba, Argentina","-31,6695651","-64,430165","San Juan 650, Alta Gracia, Córdoba, Argentina",Match,Google
ESC JUAN BAUTISTA BUSTOS,9 DE JULIO NORTE,7,6633,6639,2403,16-240,Río Segundo,PILAR,16,240,,,PILAR,"9 DE JULIO NORTE, PILAR, Córdoba, Argentina","-31,6804072","-63,8822797","9 de Julio, Pilar, Córdoba, Argentina",Match,Google
ESC MARIA J GONZALEZ CASEROS,25 DE MAYO 1325,11,6640,6650,3770,16-240,Río Segundo,PILAR,16,240,,,PILAR,"25 DE MAYO 1325, PILAR, Córdoba, Argentina","-31,6806307","-63,8850603","25 de Mayo 1325, Pilar, Córdoba, Argentina",Match,Google
ESC ZENON LOPEZ,RAFAEL NUÑEZ 1058,14,6619,6632,4795,16-240,Río Segundo,PILAR,16,240,,,PILAR,"RAFAEL NUÑEZ 1058, PILAR, Córdoba, Argentina","-31,6820344","-63,8808435","Rafael Núñez 1058, Pilar, Córdoba, Argentina",Match,Google
INST CARLOS PELLEGRINI,RAFAEL NUÑEZ 827,7,6651,6657,2404,16-240,Río Segundo,PILAR,16,240,,,PILAR,"RAFAEL NUÑEZ 827, PILAR, Córdoba, Argentina","-31,684363","-63,8788105","Rafael Núñez 827, Pilar, Córdoba, Argentina",Match,Google
ESC VICENTE LOPEZ Y PLANES,ANIZACATE,7,7809,7815,2280,21-316A,Santa María,ANIZACATE,21,316A,,,ANIZACATE,"ANIZACATE, ANIZACATE, Córdoba, Argentina","-31,722258","-64,403952","Anisacate, Cordoba, Argentina",Match,Google
ESC GRAL JOSE DE SAN MARTIN,AV MITRE 1251,10,6901,6910,3481,18-262,San Alberto,MINA CLAVERO,18,262,,,MINA CLAVERO,"AV MITRE 1251, MINA CLAVERO, Córdoba, Argentina","-31,7224574","-65,0067942","Av. Mitre 1251, Mina Clavero, Córdoba, Argentina",Match,Google
ESC JOSE GABRIEL BROCHERO,MARIANO MORENO 291,7,6885,6891,2356,18-261,San Alberto,BROCHERO,18,261,,,BROCHERO,"MARIANO MORENO 291, BROCHERO, Córdoba, Argentina","-31,7347185","-65,0537857","Mariano Moreno, Córdoba, Argentina",Match,Google
ESC NARCISO LAPRIDA,NARCISO LAPRIDA S/N,7,6542,6548,2366,16-235,Río Segundo,LAGUNA LARGA,16,235,,,LAGUNA LARGA,"NARCISO LAPRIDA S/N, LAGUNA LARGA, Córdoba, Argentina","-31,7755481","-63,7996939","Chubut, Laguna Larga, Córdoba, Argentina",Match,Google
ESC BERNARDINO RIVADAVIA,RIVADAVIA 66,8,6534,6541,2700,16-235,Río Segundo,LAGUNA LARGA,16,235,,,LAGUNA LARGA,"RIVADAVIA 66, LAGUNA LARGA, Córdoba, Argentina","-31,7793763","-63,8050945","Partido de Gral. Sarmiento, Laguna Larga, Córdoba, Argentina",Match,Google
INSTITUTO PRIVADO PIO XII,PADRE BUTELER 229,10,7864,7873,3330,21-323,Santa María,DESPEÑADEROS,21,323,,,DESPEÑADEROS,"PADRE BUTELER 229, DESPEÑADEROS, Córdoba, Argentina","-31,8167595","-64,2861228","Padre Buteler 229, Despeñaderos, Córdoba, Argentina",Match,Google
ESCUELA GRAL PAZ,BUENOS AIRES 460,7,7366,7372,2384,20-298,San Justo,LAS VARILLAS,20,298,,,LAS VARILLAS,"BUENOS AIRES 460, LAS VARILLAS, Córdoba, Argentina","-31,8649742","-62,718155","Buenos Aires 460, Las Varillas, Córdoba, Argentina",Match,Google
ESC NORM SUP D VELEZ SARSFIELD,ESCRIBANO LUIS MORELLI 188,19,7347,7365,6481,20-298,San Justo,LAS VARILLAS,20,298,,,LAS VARILLAS,"ESCRIBANO LUIS MORELLI 188, LAS VARILLAS, Córdoba, Argentina","-31,8731984","-62,7241011","Escribano Luis Morelli 188, X5940 Las Varillas, Córdoba, Argentina",Match,Google
ESC BARTOLOME MITRE,SGTO CABRAL 521,10,7381,7390,3398,20-298,San Justo,LAS VARILLAS,20,298,,,LAS VARILLAS,"SGTO CABRAL 521, LAS VARILLAS, Córdoba, Argentina","-31,873904","-62,711145","Stgo. Cabral 521, Las Varillas, Córdoba, Argentina",Match,Google
ESC BERNARDINO RIVADAVIA,INDEPENDENCIA 294,8,7373,7380,2724,20-298,San Justo,LAS VARILLAS,20,298,,,LAS VARILLAS,"INDEPENDENCIA 294, LAS VARILLAS, Córdoba, Argentina","-31,8758691","-62,7143086","Independencia 294, Las Varillas, Córdoba, Argentina",Match,Google
ESC. JOAQUIN V. GONZALEZ,PUBLICA      S/N,1,3235,3235,103,2-16C,Calamuchita,VILLA BERNA,2,16C,,,VILLA BERNA,"PUBLICA      S/N, VILLA BERNA, Córdoba, Argentina","-31,8982641","-64,7397291","Calle Publica S/N, Villa Berna, Córdoba, Argentina",Match,Google
ESC BARTOLOME MITRE,PUBLICA S/N,3,3392,3394,832,2-328A,Calamuchita,LA CUMBRECITA,2,328A,,,LA CUMBRECITA,"PUBLICA S/N, LA CUMBRECITA, Córdoba, Argentina","-31,90226","-64,772676","Calle Pública s/n, X5194 La Cumbrecita, Córdoba, Argentina",Match,Google
ESC EMILIO F OLMOS,RIVADAVIA 745,7,6603,6609,2424,16-239,Río Segundo,ONCATIVO,16,239,,,ONCATIVO,"RIVADAVIA 745, ONCATIVO, Córdoba, Argentina","-31,9124509","-63,6794756","Bv. Rivadavia 745, Oncativo, Córdoba, Argentina",Match,Google
ESC JOSE MARIA PAZ,25 DE MAYO 700,12,6584,6595,4142,16-239,Río Segundo,ONCATIVO,16,239,,,ONCATIVO,"25 DE MAYO 700, ONCATIVO, Córdoba, Argentina","-31,9145591","-63,6839119","Bv. 25 de Mayo 700, Oncativo, Córdoba, Argentina",Match,Google
IPEM N°54 J E MULLER,25 DE MAYO S/N 1337,9,6610,6618,3110,16-239,Río Segundo,ONCATIVO,16,239,,,ONCATIVO,"25 DE MAYO S/N 1337, ONCATIVO, Córdoba, Argentina","-31,9146595","-63,6838144","Bv. 25 de Mayo 709, X5986 Oncativo, Córdoba, Argentina",Match,Google
ESC DE COM L LUGONES(IPEM 158),BELGRANO 1400,7,6596,6602,2428,16-239,Río Segundo,ONCATIVO,16,239,,,ONCATIVO,"BELGRANO 1400, ONCATIVO, Córdoba, Argentina","-31,9195988","-63,6755444","Bv. Belgrano 1400, X5986 Oncativo, Córdoba, Argentina",Match,Google
ESC PROV PEDRO B PALACIOS,MANUEL BELGRANO S/N,5,3276,3280,1600,2-20,Calamuchita,LOS REARTES,2,20,,,LOS REARTES,"MANUEL BELGRANO S/N, LOS REARTES, Córdoba, Argentina","-31,9237982","-64,577988","Av. San Martín s/n, Los Reartes, Córdoba, Argentina",Match,Google
ESC CNEL OLMEDO,CECILIA FUNES 140,7,6948,6954,2308,18-265,San Alberto,SAN PEDRO,18,265,,,SAN PEDRO,"CECILIA FUNES 140, SAN PEDRO, Córdoba, Argentina","-31,935441","-65,2172141","Cecilia Funes, San Pedro, Córdoba, Argentina",Match,Google
ESC C CENTENARIO-IPEM N° 146,PEDRO C MOLINA 145,8,7053,7060,2770,19-268,San Javier,DOLORES,19,268,,,DOLORES,"PEDRO C MOLINA 145, DOLORES, Córdoba, Argentina","-31,9455483","-65,194071","Pedro C. Molina 145, Villa Dolores, Córdoba, Argentina",Match,Google
ESC MANUEL BELGRANO,AV BELGRANO 1399,7,7037,7043,2423,19-268,San Javier,DOLORES,19,268,,,DOLORES,"AV BELGRANO 1399, DOLORES, Córdoba, Argentina","-31,9480141","-65,1715834","Belgrano 1399, Villa Dolores, Córdoba, Argentina",Match,Google
ESC.NORMAL SARSFIELD,AV.S.MARTIN 271,16,7007,7022,5551,19-268,San Javier,DOLORES,19,268,,,DOLORES,"AV.S.MARTIN 271, DOLORES, Córdoba, Argentina","-31,9487126","-65,1879345","Av. San Martín 271, Villa Dolores, Córdoba, Argentina",Match,Google
COLEGIO SAGRADO CORAZON,HORMAECHE 375,9,7044,7052,3126,19-268,San Javier,DOLORES,19,268,,,DOLORES,"HORMAECHE 375, DOLORES, Córdoba, Argentina","-31,9498539","-65,1877314","A. Hormaeche 375, Villa Dolores, Córdoba, Argentina",Match,Google
ESC MARIANO MORENO,PRESIDENTE PERON 565,10,6988,6997,3482,19-268,San Javier,DOLORES,19,268,,,DOLORES,"PRESIDENTE PERON 565, DOLORES, Córdoba, Argentina","-31,9514776","-65,1926015","Pres. Juan Domingo Perón 565, Villa Dolores, Córdoba, Argentina",Match,Google
ESC MAGDALENA T DE CHARLES,CHAMPAQUI 283,10,7082,7091,3495,19-270,San Javier,LAS ROSAS,19,270,,,LAS ROSAS,"CHAMPAQUI 283, LAS ROSAS, Córdoba, Argentina","-31,9525189","-65,0512538","Av. Champaquí 283, Las Rosas, Córdoba, Argentina",Match,Google
COLEGIO SAN JOSE,VILLAFAÑE 1084,5,3346,3350,1588,2-25,Calamuchita,SAN AGUSTIN,2,25,,,SAN AGUSTIN,"VILLAFAÑE 1084, SAN AGUSTIN, Córdoba, Argentina","-31,9771542","-64,3759939","Villafañe, San Agustin, Córdoba, Argentina",Match,Google
COLEGIO ARGENTINO GERMANO,LOS INCAS 131,8,3298,3305,2813,2-20A,Calamuchita,VILLA GENERAL BELGRANO,2,20A,,,VILLA GENERAL BELGRANO,"LOS INCAS 131, VILLA GENERAL BELGRANO, Córdoba, Argentina","-31,981164","-64,5555731","Los Incas 131, Villa Gral. Belgrano, Córdoba, Argentina",Match,Google
ESC.GRAL J. DE SAN MARTIN,AV NICARAGUA 566,9,3281,3289,3104,2-20A,Calamuchita,VILLA GENERAL BELGRANO,2,20A,,,VILLA GENERAL BELGRANO,"AV NICARAGUA 566, VILLA GENERAL BELGRANO, Córdoba, Argentina","-31,9846072","-64,5621832","Nicaragua 566, Villa Gral. Belgrano, Córdoba, Argentina",Match,Google
ESC. DE COM. D. DE ROJAS,CUBA 75,8,3290,3297,2760,2-20A,Calamuchita,VILLA GENERAL BELGRANO,2,20A,,,VILLA GENERAL BELGRANO,"CUBA 75, VILLA GENERAL BELGRANO, Córdoba, Argentina","-31,9853353","-64,5621781","Villa Gral. Belgrano,, Cuba 75, Córdoba, Argentina",Match,Google
ESC GENERAL SAN MARTIN,BELGRANO 225,11,6658,6668,3612,16-241,Río Segundo,POZO DEL MOLLE,16,241,,,POZO DEL MOLLE,"BELGRANO 225, POZO DEL MOLLE, Córdoba, Argentina","-32,0156358","-62,9172231","Belgrano 225, Pozo del Molle, Córdoba, Argentina",Match,Google
ESC.PROV.M.GUEMES,PUBLICA,1,3351,3351,141,2-25A,Calamuchita,CALMAYO,2,25A,,,CALMAYO,"PUBLICA, CALMAYO, Córdoba, Argentina","-32,030836","-64,468656","calle publica s/n zona rural, X5191 Calmayo, Córdoba, Argentina",Match,Google
ESC PROV BARTOLOME MITRE,ALVEAR 320,7,8091,8097,2389,23-344,Tercero Arriba,OLIVA,23,344,,,OLIVA,"ALVEAR 320, OLIVA, Córdoba, Argentina","-32,0365518","-63,5710345","Alvear 320, Oliva, Córdoba, Argentina",Match,Google
ESCUELA NAC.DE COMERCIO,OLIVA,13,8111,8123,4427,23-344,Tercero Arriba,OLIVA,23,344,,,OLIVA,"OLIVA, OLIVA, Córdoba, Argentina","-32,0427403","-63,5670022","Oliva, Cordoba, Argentina",Match,Google
C0LEGIO SAGRADO CORAZON,DON BOSCO 360,13,8098,8110,4446,23-344,Tercero Arriba,OLIVA,23,344,,,OLIVA,"DON BOSCO 360, OLIVA, Córdoba, Argentina","-32,0430006","-63,5727279","Don Bosco, Oliva, Córdoba, Argentina",Match,Google
ESC. PROV.M. MORENO,LIBERTAD 470,11,3364,3374,3808,2-26,Calamuchita,SANTA ROSA,2,26,,,SANTA ROSA,"LIBERTAD 470, SANTA ROSA, Córdoba, Argentina","-32,06676","-64,5384186","Libertad 470, Santa Rosa de Calamuchita, Córdoba, Argentina",Match,Google
INST PARR SAN JUAN DIEGO,AV INT ANGEL LLANOS 320,11,3353,3363,3798,2-26,Calamuchita,SANTA ROSA,2,26,,,SANTA ROSA,"AV INT ANGEL LLANOS 320, SANTA ROSA, Córdoba, Argentina","-32,073902","-64,528913","Av. Int. Angel Llanos 282 local 2, X5196 Santa Rosa de Calamuchita, Córdoba, Argentina",Match,Google
SAN FRANCISCO DE ASIS,CALLE 5 ESQ 8,9,3381,3389,3115,2-26,Calamuchita,SANTA ROSA,2,26,,,SANTA ROSA,"CALLE 5 ESQ 8, SANTA ROSA, Córdoba, Argentina","-32,078447","-64,535976","Calle 5 Y 8. Villa Incor, X5196AIA Santa Rosa de Calamuchita, Córdoba, Argentina",Match,Google
ESC.PROV. F.AMEGHINO,CALLE S/N,1,3234,3234,13,2-16B,Calamuchita,CHAMPAQUI,2,16B,,,CHAMPAQUI,"CALLE S/N, CHAMPAQUI, Córdoba, Argentina","-32,1069574","-64,7648174","Calle Pública Sin Número, X5197 Villa Yacanto, Córdoba, Argentina",Match,Google
ESC PROV J M SALGUEIRO,PASTEUR 182,8,8068,8075,2652,23-341,Tercero Arriba,JAMES CRAIK,23,341,,,JAMES CRAIK,"PASTEUR 182, JAMES CRAIK, Córdoba, Argentina","-32,1620554","-63,4677142","Pasteur 182, James Craik, Córdoba, Argentina",Match,Google
ESCUELA N° 481,SEGUNDA USINA,1,3390,3390,173,2-26A,Calamuchita,SEGUNDA USINA,2,26A,,,SEGUNDA USINA,"SEGUNDA USINA, SEGUNDA USINA, Córdoba, Argentina","-32,1650842","-64,3796228","Unnamed Rd,, Córdoba, Argentina",Match,Google
INSTITUTO ARTE NUEVO,CID CAMPEADOR 480,12,8244,8255,4144,23-348,Tercero Arriba,RIO TERCERO,23,348,,,RIO TERCERO,"CID CAMPEADOR 480, RIO TERCERO, Córdoba, Argentina","-32,165195","-64,1098603","Cid Campeador 480, Río Tercero, Córdoba, Argentina",Match,Google
ESC.PROV.DEAN FUNES,SAN IGNACIO,1,3391,3391,169,2-26B,Calamuchita,SAN IGNACIO,2,26B,,,SAN IGNACIO,"SAN IGNACIO, SAN IGNACIO, Córdoba, Argentina","-32,1659277","-64,5178755","San Ignacio, Cordoba, Argentina",Match,Google
ESC JOSE M ZAPIOLA,CHACABUCO 649,13,8218,8230,4481,23-348,Tercero Arriba,RIO TERCERO,23,348,,,RIO TERCERO,"CHACABUCO 649, RIO TERCERO, Córdoba, Argentina","-32,1660666","-64,1248334","Chacabuco 649, Río Tercero, Córdoba, Argentina",Match,Google
COLEGIO JESUS MARIA Y JOSE,SAN AGUSTIN 318,14,8194,8207,4836,23-348,Tercero Arriba,RIO TERCERO,23,348,,,RIO TERCERO,"SAN AGUSTIN 318, RIO TERCERO, Córdoba, Argentina","-32,1677673","-64,1096063","San Agustín 318, Río Tercero, Córdoba, Argentina",Match,Google
E.N.E.T. N°1,TUCUMAN ESQ MENDOZA,15,8144,8158,5193,23-348,Tercero Arriba,RIO TERCERO,23,348,,,RIO TERCERO,"TUCUMAN ESQ MENDOZA, RIO TERCERO, Córdoba, Argentina","-32,1691292","-64,1316653","Mendoza & Tucumán, Río Tercero, Córdoba, Argentina",Match,Google
ESCUELA N° 402,ISABEL LA CATOLICA 251,13,8231,8243,4488,23-348,Tercero Arriba,RIO TERCERO,23,348,,,RIO TERCERO,"ISABEL LA CATOLICA 251, RIO TERCERO, Córdoba, Argentina","-32,1697919","-64,1079163","Isabel la Católica 251, Río Tercero, Córdoba, Argentina",Match,Google
INST ALEXIS CARREL,GRAL PAZ Y ESPAÑA 390,17,8159,8175,5875,23-348,Tercero Arriba,RIO TERCERO,23,348,,,RIO TERCERO,"GRAL PAZ Y ESPAÑA 390, RIO TERCERO, Córdoba, Argentina","-32,176905","-64,1115816","Gral. Paz 355, Río Tercero, Córdoba, Argentina",Match,Google
ESC PROV R E DE SAN MARTIN,25 DE FEBRERO 171,12,8176,8187,4145,23-348,Tercero Arriba,RIO TERCERO,23,348,,,RIO TERCERO,"25 DE FEBRERO 171, RIO TERCERO, Córdoba, Argentina","-32,1783627","-64,1175404","25 de Febrero 171, Río Tercero, Córdoba, Argentina",Match,Google
ESCUELA B. ROLDAN,TUCUMAN 121,10,3248,3257,3398,2-17,Calamuchita,EMBALSE,2,17,,,EMBALSE,"TUCUMAN 121, EMBALSE, Córdoba, Argentina","-32,1816729","-64,4086551","Tucumán, Embalse, Córdoba, Argentina",Match,Google
ESC.PROV.R.SAENZ PEÑA,CALLE 6,2,3230,3231,648,2-15A,Calamuchita,VILLA AMANCAY,2,15A,,,VILLA AMANCAY,"CALLE 6, VILLA AMANCAY, Córdoba, Argentina","-32,1857115","-64,5675639","RP23, Villa Amancay, Córdoba, Argentina",Match,Google
COL NAC JOSE M ESTRADA,URUGUAY 55,13,7983,7995,4464,23-336,Tercero Arriba,ALMAFUERTE,23,336,,,ALMAFUERTE,"URUGUAY 55, ALMAFUERTE, Córdoba, Argentina","-32,1906694","-64,2510624","Uruguay, Almafuerte, Córdoba, Argentina",Match,Google
ESC REMEDIOS E DE SAN MARTIN,CASTELLI 590,11,7996,8006,3788,23-336,Tercero Arriba,ALMAFUERTE,23,336,,,ALMAFUERTE,"CASTELLI 590, ALMAFUERTE, Córdoba, Argentina","-32,1940304","-64,2506899","Castelli 590, Almafuerte, Córdoba, Argentina",Match,Google
ESC.PROV.ALMIRANTE BROWN,SARMIENTO 259,11,3330,3340,3616,2-24A,Calamuchita,VILLA DEL DIQUE,2,24A,,,VILLA DEL DIQUE,"SARMIENTO 259, VILLA DEL DIQUE, Córdoba, Argentina","-32,1972557","-64,4584797","Villa del Dique, Cordoba, Argentina",Match,Google
ESC.PROV. A.ARGENTINA,CORDOBA 301,5,4308,4312,1572,6-73,General San Martín,ARROYO ALGODON,6,73,,,ARROYO ALGODON,"CORDOBA 301, ARROYO ALGODON, Córdoba, Argentina","-32,201034","-63,1641856","Córdoba, Arroyo Algodón, Córdoba, Argentina",Match,Google
ESC.PROV.PADRE FELIX ENRIQUE,VILLA QUILLINZO,1,3266,3266,217,2-18D,Calamuchita,VILLA QUILLINZO,2,18D,,,VILLA QUILLINZO,"VILLA QUILLINZO, VILLA QUILLINZO, Córdoba, Argentina","-32,2666118","-64,5245528","X5859 Córdoba, Cordoba, Argentina",Match,Google
ESC.R.DE ESCALADA,25 DE MAYO 84,10,4370,4379,3222,6-88,General San Martín,TIO PUJIO,6,88,,,TIO PUJIO,"25 DE MAYO 84, TIO PUJIO, Córdoba, Argentina","-32,2821242","-63,3556116","25 de Mayo 84, X5936 Tío Pujio, Córdoba, Argentina",Match,Google
INST DR D VELEZ SARSFIELD,SARMIENTO 236,2,3261,3262,627,2-18,Calamuchita,LA CRUZ,2,18,,,LA CRUZ,"SARMIENTO 236, LA CRUZ, Córdoba, Argentina","-32,3020836","-64,4830691","Sarmiento 236, La Cruz, Córdoba, Argentina",Match,Google
ESC PROV DOMINGO F SARMIENTO,SARMIENTO 376,3,3258,3260,950,2-18,Calamuchita,LA CRUZ,2,18,,,LA CRUZ,"SARMIENTO 376, LA CRUZ, Córdoba, Argentina","-32,3030923","-64,4834441","Sarmiento 376, La Cruz, Córdoba, Argentina",Match,Google
COLEGIO SAGRADO CORAZON,AV DON BOSCO 101,4,3272,3275,1308,2-19,Calamuchita,LOS CONDORES,2,19,,,LOS CONDORES,"AV DON BOSCO 101, LOS CONDORES, Córdoba, Argentina","-32,3199529","-64,2784959","Av. Don Bosco, Los Condores, Córdoba, Argentina",Match,Google
ESC BALDOMERO E FERNANDEZ M,SARMIENTO 528,5,3267,3271,1637,2-19,Calamuchita,LOS CONDORES,2,19,,,LOS CONDORES,"SARMIENTO 528, LOS CONDORES, Córdoba, Argentina","-32,3205693","-64,2777213","Sarmiento, Los Condores, Córdoba, Argentina",Match,Google
ESC PROV R E DE SAN MARTIN,SARMIENTO 152,6,8579,8584,1941,26-393,Unión,NOETINGER,26,393,,,NOETINGER,"SARMIENTO 152, NOETINGER, Córdoba, Argentina","-32,3650599","-62,315331","Sarmiento, Noetinger, Córdoba, Argentina",Match,Google
ESCUELA PROVINCIAL,CALERAS DE CALAMUCHITA,1,3264,3264,226,2-18B,Calamuchita,CALERAS DE CALAMUCHITA,2,18B,,,CALERAS DE CALAMUCHITA,"CALERAS DE CALAMUCHITA, CALERAS DE CALAMUCHITA, Córdoba, Argentina","-32,381659","-64,525469","E68 Km 3,2, X5819 Las Caleras de Calamuchita, Córdoba, Argentina",Match,Google
INSTITUTO FUNESIL,GUILLERMO RAWSON 1899,23,4566,4588,7974,6-89,General San Martín,VILLA MARIA,6,89,,,VILLA MARIA,"GUILLERMO RAWSON 1899, VILLA MARIA, Córdoba, Argentina","-32,3961563","-63,2430979","Av. Guillermo Rawson 1899, Villa María, Córdoba, Argentina",Match,Google
ESC.REP.DEL PARAGUAY,CHILE 565,10,4404,4413,3471,6-89,General San Martín,VILLA MARIA,6,89,,,VILLA MARIA,"CHILE 565, VILLA MARIA, Córdoba, Argentina","-32,4038128","-63,245077","Chile 565, Villa María, Córdoba, Argentina",Match,Google
ESC.J.INGENIEROS,SANTA FE 1271,13,4528,4540,4498,6-89,General San Martín,VILLA MARIA,6,89,,,VILLA MARIA,"SANTA FE 1271, VILLA MARIA, Córdoba, Argentina","-32,4089143","-63,2426247","Sta Fe 1271, Villa María, Córdoba, Argentina",Match,Google
INSTITUTO DEL ROSARIO,BV.ALVEAR 68,30,4414,4443,10389,6-89,General San Martín,VILLA MARIA,6,89,,,VILLA MARIA,"BV.ALVEAR 68, VILLA MARIA, Córdoba, Argentina","-32,4089257","-63,2383304","Marcelo T. de Alvear 68, Villa María, Córdoba, Argentina",Match,Google
INSTITUTO SAN ANTONIO,AV GOBERNADOR SABATTINI 141,11,4549,4559,3811,6-89,General San Martín,VILLA MARIA,6,89,,,VILLA MARIA,"AV GOBERNADOR SABATTINI 141, VILLA MARIA, Córdoba, Argentina","-32,4115393","-63,2475131","Gdor. Sabattini 141, Villa María, Córdoba, Argentina",Match,Google
ESC.COM.A.OCAMPO,CATAMARCA 650,12,4502,4513,4157,6-89,General San Martín,VILLA MARIA,6,89,,,VILLA MARIA,"CATAMARCA 650, VILLA MARIA, Córdoba, Argentina","-32,412221","-63,2497363","Catamarca 650, Villa María, Córdoba, Argentina",Match,Google
CENMA N° 96,SANTA FE 643,8,4541,4548,2766,6-89,General San Martín,VILLA MARIA,6,89,,,VILLA MARIA,"SANTA FE 643, VILLA MARIA, Córdoba, Argentina","-32,4127381","-63,2490159","Sta Fe 643, Villa María, Córdoba, Argentina",Match,Google
INSTITUTO SEC. M.BELGRANO,M.A.OCAMPO 1836,6,4560,4565,2086,6-89,General San Martín,VILLA MARIA,6,89,,,VILLA MARIA,"M.A.OCAMPO 1836, VILLA MARIA, Córdoba, Argentina","-32,413482","-63,2283061","Manuel Ocampo 1836, Villa María, Córdoba, Argentina",Match,Google
ESCUELA J.MARMOL,NAC. UNIDAS 385,10,4382,4391,3477,6-89,General San Martín,VILLA MARIA,6,89,,,VILLA MARIA,"NAC. UNIDAS 385, VILLA MARIA, Córdoba, Argentina","-32,4137551","-63,2550099","Av. Naciones Unidas 385, Villa María, Córdoba, Argentina",Match,Google
JAR.BME.MITRE,SAN MARTIN 355,1,4645,4645,342,6-90,General San Martín,VILLA NUEVA,6,90,,,VILLA NUEVA,"SAN MARTIN 355, VILLA NUEVA, Córdoba, Argentina","-32,4145429","-63,2404539","San Martín 355, Villa María, Córdoba, Argentina",Match,Google
ESC.N.V.MERCANTE,SOBRAL 378,29,4458,4486,10057,6-89,General San Martín,VILLA MARIA,6,89,,,VILLA MARIA,"SOBRAL 378, VILLA MARIA, Córdoba, Argentina","-32,4156668","-63,2416878","Antonio Sobral 378, X5900 Villa María, Córdoba, Argentina",Match,Google
IPEM N°275 EX COLEGIO NACIONAL,S.DEL ESTERO 618,15,4487,4501,5202,6-89,General San Martín,VILLA MARIA,6,89,,,VILLA MARIA,"S.DEL ESTERO 618, VILLA MARIA, Córdoba, Argentina","-32,4200219","-63,2434344","Santiago del Estero 618, Villa María, Córdoba, Argentina",Match,Google
IPEM 224-LEOPOLDO LUGONES,INGENIERO CANO S/N,7,6501,6507,2389,15-229,Río Seco,VILLA DE MARIA,15,229,,,VILLA DE MARIA,"INGENIERO CANO S/N, VILLA DE MARIA, Córdoba, Argentina","-32,4219726","-63,2307829","25 de Mayo 1338, Villa María, Córdoba, Argentina",Match,Google
ESC PABLO A PIZZURNO,GENERAL PAZ 495,9,8046,8054,3091,23-340,Tercero Arriba,HERNANDO,23,340,,,HERNANDO,"GENERAL PAZ 495, HERNANDO, Córdoba, Argentina","-32,4234254","-63,7329602","Gral. Paz, Hernando, Córdoba, Argentina",Match,Google
ESC.DR. J.BIANCO,BELGRANO 302,12,4392,4403,4157,6-89,General San Martín,VILLA MARIA,6,89,,,VILLA MARIA,"BELGRANO 302, VILLA MARIA, Córdoba, Argentina","-32,4251849","-63,246127","Belgrano 302, Villa Nueva, Córdoba, Argentina",Match,Google
IPEM N° 322,LIMA Y RIVADAVIA,10,4597,4606,3433,6-90,General San Martín,VILLA NUEVA,6,90,,,VILLA NUEVA,"LIMA Y RIVADAVIA, VILLA NUEVA, Córdoba, Argentina","-32,4285459","-63,2475855","Lima & Rivadavia, Villa María, Córdoba, Argentina",Match,Google
ESC.M.BELGRANO,9 DE JULIO 960,11,4627,4637,3757,6-90,General San Martín,VILLA NUEVA,6,90,,,VILLA NUEVA,"9 DE JULIO 960, VILLA NUEVA, Córdoba, Argentina","-32,4289242","-63,2490479","9 de Julio 960, Villa Nueva, Córdoba, Argentina",Match,Google
ESC LA STMA TRINIDAD,COLON 102,7,8055,8061,2396,23-340,Tercero Arriba,HERNANDO,23,340,,,HERNANDO,"COLON 102, HERNANDO, Córdoba, Argentina","-32,4323248","-63,726887","Colón 102, Hernando, Córdoba, Argentina",Match,Google
ESCUELA PABLO VI,DEAN FUNES 757,10,4607,4616,3434,6-90,General San Martín,VILLA NUEVA,6,90,,,VILLA NUEVA,"DEAN FUNES 757, VILLA NUEVA, Córdoba, Argentina","-32,4324824","-63,2455839","Deán Funes 757, Villa Nueva, Córdoba, Argentina",Match,Google
ESC GOB J F JAVIER DIAZ,25 DE MAYO 678,7,8033,8039,2404,23-340,Tercero Arriba,HERNANDO,23,340,,,HERNANDO,"25 DE MAYO 678, HERNANDO, Córdoba, Argentina","-32,4344354","-63,7223288","25 de Mayo 678, Hernando, Córdoba, Argentina",Match,Google
ESC.BME.MITRE,MITRE 1147,8,4589,4596,2739,6-90,General San Martín,VILLA NUEVA,6,90,,,VILLA NUEVA,"MITRE 1147, VILLA NUEVA, Córdoba, Argentina","-32,4359626","-63,2474016","Bartolomé Mitre 1147, Villa Nueva, Córdoba, Argentina",Match,Google
ESC.REP.DE BOLIVIA,D.FUNES 1250,7,4638,4644,2398,6-90,General San Martín,VILLA NUEVA,6,90,,,VILLA NUEVA,"D.FUNES 1250, VILLA NUEVA, Córdoba, Argentina","-32,4363508","-63,249747","Deán Funes 1250, Villa Nueva, Córdoba, Argentina",Match,Google
INSTITUTO INMAC.CONCEPCION,CABANILLAS 416,10,4617,4626,3428,6-90,General San Martín,VILLA NUEVA,6,90,,,VILLA NUEVA,"CABANILLAS 416, VILLA NUEVA, Córdoba, Argentina","-32,4399528","-63,2409552","Cabanillas, Villa María, Córdoba, Argentina",Match,Google
ESC VICTOR MERCANTE,FRAY MAMERTO ESQUIU 25,8,5839,5846,2661,13-166,Río Cuarto,BERROTARAN,13,166,,,BERROTARAN,"FRAY MAMERTO ESQUIU 25, BERROTARAN, Córdoba, Argentina","-32,4534633","-64,3888159","Fray Mamerto Esquiú 25, Berrotarán, Córdoba, Argentina",Match,Google
ESC.PROV.D.V.SARSFIELD,RIVADAVIA 410,4,4318,4321,1315,6-74,General San Martín,ARROYO CABRAL,6,74,,,ARROYO CABRAL,"RIVADAVIA 410, ARROYO CABRAL, Córdoba, Argentina","-32,4902369","-63,4005075","Rivadavia 410, Arroyo Cabral, Córdoba, Argentina",Match,Google
ESC. PROV. D.F. SARMIENTO,SARMIENTO   S/N,4,3312,3315,1155,2-22,Calamuchita,RIO DE LOS SAUCES,2,22,,,RIO DE LOS SAUCES,"SARMIENTO   S/N, RIO DE LOS SAUCES, Córdoba, Argentina","-32,5282791","-64,5898158","Sarmiento, Río de los Sauces, Córdoba, Argentina",Match,Google
ESC.PROV.J.V.GONZALEZ,9 DE JULIO 350,2,4352,4353,580,6-80,General San Martín,LUCA,6,80,,,LUCA,"9 DE JULIO 350, LUCA, Córdoba, Argentina","-32,5419176","-63,477922","9 de Julio, Luca, Córdoba, Argentina",Match,Google
ESC GRAL BELGRANO-IPEM N°139,ANSELMO G VAZQUEZ- 522,5,8382,8386,1694,26-373,Unión,BALLESTEROS,26,373,,,BALLESTEROS,"ANSELMO G VAZQUEZ- 522, BALLESTEROS, Córdoba, Argentina","-32,5423148","-62,982931","Anselmo G Vazquez 522, Ballesteros, Córdoba, Argentina",Match,Google
ESC PROV GRAL SAN MARTIN,PTE PERON- 75,7,8375,8381,2363,26-373,Unión,BALLESTEROS,26,373,,,BALLESTEROS,"PTE PERON- 75, BALLESTEROS, Córdoba, Argentina","-32,5435869","-62,9801237","Pres. Perón 75, Ballesteros, Córdoba, Argentina",Match,Google
ESC PROV LEOPOLDO LUGONES,AV LEONARDO MURIALDO 524,7,8572,8578,2231,26-392,Unión,MORRISON,26,392,,,MORRISON,"AV LEONARDO MURIALDO 524, MORRISON, Córdoba, Argentina","-32,5908751","-62,8338831","Bv. Leónardo Murialdo 524, Morrison, Córdoba, Argentina",Match,Google
ESC PROV CMTE L PIEDRABUENA,FELIPE LORENZATTI 875,2,4355,4356,569,6-82,General San Martín,PALESTINA,6,82,,,PALESTINA,"FELIPE LORENZATTI 875, PALESTINA, Córdoba, Argentina","-32,6159739","-63,409847","Felipe Lorenzatti, La Palestina, Córdoba, Argentina",Match,Google
ESCUELA A MATTERSON,PTE PERON 414,12,8438,8449,4176,26-375,Unión,BELL VILLE,26,375,,,BELL VILLE,"PTE PERON 414, BELL VILLE, Córdoba, Argentina","-32,6253822","-62,6791259","Bv. Pres. Perón 414, X2550DLR Bell Ville, Córdoba, Argentina",Match,Google
ESC.SUPERIOR DE COMERCIO,F.MOLINA 69,14,8424,8437,4870,26-375,Unión,BELL VILLE,26,375,,,BELL VILLE,"F.MOLINA 69, BELL VILLE, Córdoba, Argentina","-32,6275443","-62,6929857","Av. Faustino Molina 69, X2550GBA Bell Ville, Córdoba, Argentina",Match,Google
ESC PONCIANO VIVANCO,AMEGHINO 155,16,8450,8465,5579,26-375,Unión,BELL VILLE,26,375,,,BELL VILLE,"AMEGHINO 155, BELL VILLE, Córdoba, Argentina","-32,6276066","-62,6884833","Florentino Ameghino 155, X2550FLC Bell Ville, Córdoba, Argentina",Match,Google
COLEGIO SAN JOSE,BV FIGUEROA ALCORTA 40,12,8466,8477,4174,26-375,Unión,BELL VILLE,26,375,,,BELL VILLE,"BV FIGUEROA ALCORTA 40, BELL VILLE, Córdoba, Argentina","-32,6299535","-62,6851956","Bv. Figueroa Alcorta 40, X2550DUN Bell Ville, Córdoba, Argentina",Match,Google
ESC.NORMAL F.ALCORTA,25 DE MAYO 135,21,8392,8412,7309,26-375,Unión,BELL VILLE,26,375,,,BELL VILLE,"25 DE MAYO 135, BELL VILLE, Córdoba, Argentina","-32,6313149","-62,6879298","25 de Mayo 135, X2550DXC Bell Ville, Córdoba, Argentina",Match,Google
ESC F AMEGHINO,ENTRE RIOS 457,11,8413,8423,3827,26-375,Unión,BELL VILLE,26,375,,,BELL VILLE,"ENTRE RIOS 457, BELL VILLE, Córdoba, Argentina","-32,633816","-62,6917298","Entre Ríos 457, X2550AJI Bell Ville, Córdoba, Argentina",Match,Google
IPEM N°256-LIB GRAL SAN MARTIN,GENERAL ROCA 724,7,5034,5040,2436,9-131,Marcos Juárez,LEONES,9,131,,,LEONES,"GENERAL ROCA 724, LEONES, Córdoba, Argentina","-32,6576184","-62,2990109","Gral. Roca 724, Leones, Córdoba, Argentina",Match,Google
ESC JOAQUIN V GONZALEZ,RAMON INFANTE 422,9,5025,5033,3110,9-131,Marcos Juárez,LEONES,9,131,,,LEONES,"RAMON INFANTE 422, LEONES, Córdoba, Argentina","-32,6616893","-62,2969579","Av. Fernando Igoillo 422, Leones, Córdoba, Argentina",Match,Google
ESC DE COMERCIO Y BACHILLERATO,ALMIRANTE BROWN 551,11,5041,5051,3800,9-131,Marcos Juárez,LEONES,9,131,,,LEONES,"ALMIRANTE BROWN 551, LEONES, Córdoba, Argentina","-32,66675","-62,3","Almirante Brown 551, Leones, CORDOBA, Argentina",Match,Google
ESC.PROV.GRAL SAN MARTIN,25 DE MAYO 551,3,4322,4324,989,6-75,General San Martín,AUSONIA,6,75,,,AUSONIA,"25 DE MAYO 551, AUSONIA, Córdoba, Argentina","-32,66675","-63,233334","25 de Mayo 591, Ausonia, Cordoba, Argentina",Match,Google
ESCUELA BARTOLOME MITRE,HIPOLITO YRIGOYEN  NOROESTE 1409,7,5117,5123,2440,9-133,Marcos Juárez,MARCOS JUAREZ,9,133,,,MARCOS JUAREZ,"HIPOLITO YRIGOYEN  NOROESTE 1409, MARCOS JUAREZ, Córdoba, Argentina","-32,6929537","-62,1105008","Blvd. H. Yrigoyen 1409, X2580CZA Marcos Juárez, Córdoba, Argentina",Match,Google
ESC BERNARDINO RIVADAVIA,SAN MARTIN 694,10,5088,5097,3481,9-133,Marcos Juárez,MARCOS JUAREZ,9,133,,,MARCOS JUAREZ,"SAN MARTIN 694, MARCOS JUAREZ, Córdoba, Argentina","-32,6974868","-62,1014599","San Martín 694, X2580GBU Marcos Juárez, Córdoba, Argentina",Match,Google
COLEGIO SAGRADO CORAZON,LARDIZABAL 545,12,5061,5072,4174,9-133,Marcos Juárez,MARCOS JUAREZ,9,133,,,MARCOS JUAREZ,"LARDIZABAL 545, MARCOS JUAREZ, Córdoba, Argentina","-32,6989305","-62,0996987","Lardizabal 545, X2580DEO Marcos Juárez, Córdoba, Argentina",Match,Google
ESC MARIANO MORENO,SAN JUAN  SUR 1090,8,5109,5116,2789,9-133,Marcos Juárez,MARCOS JUAREZ,9,133,,,MARCOS JUAREZ,"SAN JUAN  SUR 1090, MARCOS JUAREZ, Córdoba, Argentina","-32,7030542","-62,1084076","San Juan 1090, X2580FYN Marcos Juárez, Córdoba, Argentina",Match,Google
IPEM N°51 NICOLAS AVELLANEDA,INTENDENTE DR JORGE LOINAS 996,11,5098,5108,3828,9-133,Marcos Juárez,MARCOS JUAREZ,9,133,,,MARCOS JUAREZ,"INTENDENTE DR JORGE LOINAS 996, MARCOS JUAREZ, Córdoba, Argentina","-32,7091071","-62,115014","Dr. Jorge Loinas Park, Marcos Juárez, Córdoba, Argentina",Match,Google
ESC.PROV.GRAL SAN MARTIN,BV SAN MARTIN 251,11,4808,4818,3731,8-109,Juárez Celman,DEHEZA,8,109,,,DEHEZA,"BV SAN MARTIN 251, DEHEZA, Córdoba, Argentina","-32,759174","-63,7856038","Bv. San Martín, Gral. Deheza, Córdoba, Argentina",Match,Google
ESC ESTEBAN ECHEVERRIA,GENERAL PAZ 556,4,4339,4342,1380,6-78,General San Martín,LA LAGUNA,6,78,,,LA LAGUNA,"GENERAL PAZ 556, LA LAGUNA, Córdoba, Argentina","-32,8038625","-63,244094","Gral. Paz 556, La Laguna, Córdoba, Argentina",Match,Google
"ESC,PROV.E.F.OLMOS",20 DE SEPTIEMBRE 584,7,4779,4785,2392,8-106,Juárez Celman,CABRERA,8,106,,,CABRERA,"20 DE SEPTIEMBRE 584, CABRERA, Córdoba, Argentina","-32,8153122","-63,8752261","20 de Septiembre 561, Gral. Cabrera, Córdoba, Argentina",Match,Google
ESC PROV JOSE M PAZ,BARTOLOME MITRE 451,7,8256,8262,2283,23-349,Tercero Arriba,TANCACHA,23,349,,,TANCACHA,"BARTOLOME MITRE 451, TANCACHA, Córdoba, Argentina","-32,8157058","-63,0332514","Bartolomé Mitre 451, Idiazabal, Córdoba, Argentina",Match,Google
INST DALMACIO VELEZ SARSFIELD,BELGRANO 222,12,8607,8618,4155,26-396,Unión,POSSE,26,396,,,POSSE,"BELGRANO 222, POSSE, Córdoba, Argentina","-32,8819158","-62,6800064","Belgrano 222, Justiniano Posse, Córdoba, Argentina",Match,Google
ESC PROV JUANA MANSO,DEAN FUNES 346,5,8619,8623,1736,26-396,Unión,POSSE,26,396,,,POSSE,"DEAN FUNES 346, POSSE, Córdoba, Argentina","-32,8842456","-62,6749622","Deán Funes 346, Justiniano Posse, Córdoba, Argentina",Match,Google
ESC JOSE MANUEL ESTRADA,SARMIENTO 402,8,5129,5136,2650,9-134,Marcos Juárez,MONTE BUEY,9,134,,,MONTE BUEY,"SARMIENTO 402, MONTE BUEY, Córdoba, Argentina","-32,9144447","-62,4535884","Sarmiento 402, Monte Buey, Córdoba, Argentina",Match,Google
ESC.PROV. 12 DE OCTUBRE,SARMIENTO 320,6,4333,4338,2038,6-77,General San Martín,ETRURIA,6,77,,,ETRURIA,"SARMIENTO 320, ETRURIA, Córdoba, Argentina","-32,9393553","-63,244298","Bv. Sarmiento 320, Etruria, Córdoba, Argentina",Match,Google
ESC GENERAL SAN MARTIN,RIVADAVIA 324,8,5053,5060,2472,9-132,Marcos Juárez,LOS SURGENTES,9,132,,,LOS SURGENTES,"RIVADAVIA 324, LOS SURGENTES, Córdoba, Argentina","-32,9857253","-62,0232102","Rivadavia 324, Los Surgentes, Córdoba, Argentina",Match,Google
IPEM 276 DR L COLOCCINI (EX276,SAN MARTIN 1487,7,4983,4989,2401,9-126,Marcos Juárez,CRUZ ALTA,9,126,,,CRUZ ALTA,"SAN MARTIN 1487, CRUZ ALTA, Córdoba, Argentina","-33,0061409","-61,8156436","Av. San Martín 1487, Cruz Alta, Córdoba, Argentina",Match,Google
COLEGIO SANTA JUANA DE ARCO,RIVADAVIA 999,7,4976,4982,2403,9-126,Marcos Juárez,CRUZ ALTA,9,126,,,CRUZ ALTA,"RIVADAVIA 999, CRUZ ALTA, Córdoba, Argentina","-33,0071617","-61,7975057","Rivadavia, Cruz Alta, Córdoba, Argentina",Match,Google
ESC.PROV.J.B.ALBERDI,JOSE MARIA PAZ 72,8,4882,4889,2623,8-118,Juárez Celman,UCACHA,8,118,,,UCACHA,"JOSE MARIA PAZ 72, UCACHA, Córdoba, Argentina","-33,0283255","-63,5072166","Jose Maria Paz 72, Ucacha, Córdoba, Argentina",Match,Google
INST SAN BUENAVENTURA,SAN MARTIN 250,12,6093,6104,4173,13-188,Río Cuarto,RIO CUARTO,13,188,,,RIO CUARTO,"SAN MARTIN 250, RIO CUARTO, Córdoba, Argentina","-33,0930964","-64,2890484","Av. San Martín 250, Río Cuarto, Córdoba, Argentina",Match,Google
MERC DEL NIÑO JESUS/S FCO ASIS,VICTOR HUGO 885,18,5774,5791,6254,13-165,Río Cuarto,BANDA NORTE,13,165,,,BANDA NORTE,"VICTOR HUGO 885, BANDA NORTE, Córdoba, Argentina","-33,1026035","-64,3385899","Victor Hugo 885, Río Cuarto, Córdoba, Argentina",Match,Google
INST SUP RAMON MENENDEZ PIDAL,AV JOSE GARIBALDI 50,12,5792,5803,4180,13-165,Río Cuarto,BANDA NORTE,13,165,,,BANDA NORTE,"AV JOSE GARIBALDI 50, BANDA NORTE, Córdoba, Argentina","-33,1036118","-64,3357219","Av General José Garibaldi 50, Banda Norte, X5804CXB Río Cuarto, Córdoba, Argentina",Match,Google
ESC ALTE BROWN,RIO QUINTO 660,8,6154,6161,2787,13-188,Río Cuarto,RIO CUARTO,13,188,,,RIO CUARTO,"RIO QUINTO 660, RIO CUARTO, Córdoba, Argentina","-33,1088837","-64,353457","Río Quinto 660, Río Cuarto, Córdoba, Argentina",Match,Google
ESC FLORENTINO AMEGHINO,9 DE JULIO 314,10,6105,6114,3484,13-188,Río Cuarto,RIO CUARTO,13,188,,,RIO CUARTO,"9 DE JULIO 314, RIO CUARTO, Córdoba, Argentina","-33,1186718","-64,3533315","9 de Julio 314, X5800BKG Río Cuarto, Córdoba, Argentina",Match,Google
COLEGIO HISPANO ARGENTINO,FOTHERINGHAM 68,9,6279,6287,3118,13-188,Río Cuarto,RIO CUARTO,13,188,,,RIO CUARTO,"FOTHERINGHAM 68, RIO CUARTO, Córdoba, Argentina","-33,121376","-64,3485743","Fotheringham 68, X5800DGA Río Cuarto, Córdoba, Argentina",Match,Google
COL NTRA SRA DEL CARMEN,BAIGORRIA 373,17,6137,6153,5909,13-188,Río Cuarto,RIO CUARTO,13,188,,,RIO CUARTO,"BAIGORRIA 373, RIO CUARTO, Córdoba, Argentina","-33,1224799","-64,3439953","Baigorria 373, X5800CQG Río Cuarto, Córdoba, Argentina",Match,Google
IPET 259 AMBROSIO OLMOS,BAIGORRIA 527,12,6210,6221,4168,13-188,Río Cuarto,RIO CUARTO,13,188,,,RIO CUARTO,"BAIGORRIA 527, RIO CUARTO, Córdoba, Argentina","-33,1228596","-64,3424953","Baigorria 527, X5800CQK Río Cuarto, Córdoba, Argentina",Match,Google
ESC 21 DE JULIO,BAIGORRIA 552,10,6186,6195,3469,13-188,Río Cuarto,RIO CUARTO,13,188,,,RIO CUARTO,"BAIGORRIA 552, RIO CUARTO, Córdoba, Argentina","-33,1230311","-64,3422759","Baigorria 552, X5800 Río Cuarto, Córdoba, Argentina",Match,Google
ESCUELA GENERAL PAZ,MITRE 850,13,6124,6136,4519,13-188,Río Cuarto,RIO CUARTO,13,188,,,RIO CUARTO,"MITRE 850, RIO CUARTO, Córdoba, Argentina","-33,1237465","-64,3529","Mitre 850, X5800 Río Cuarto, Córdoba, Argentina",Match,Google
COLEGIO GALILEO GALILEI,ALVEAR 1040,12,6267,6278,4159,13-188,Río Cuarto,RIO CUARTO,13,188,,,RIO CUARTO,"ALVEAR 1040, RIO CUARTO, Córdoba, Argentina","-33,1266311","-64,3515707","Alvear 1040, X5800 Río Cuarto, Córdoba, Argentina",Match,Google
ESCUELA GRAL ROCA,PASO 790,12,6162,6173,4181,13-188,Río Cuarto,RIO CUARTO,13,188,,,RIO CUARTO,"PASO 790, RIO CUARTO, Córdoba, Argentina","-33,1267521","-64,3381644","Paso 790, X5800 Río Cuarto, Córdoba, Argentina",Match,Google
ESC.NORM.NAC.MIXTA,CONSTITUCION 1040,24,6069,6092,8348,13-188,Río Cuarto,RIO CUARTO,13,188,,,RIO CUARTO,"CONSTITUCION 1040, RIO CUARTO, Córdoba, Argentina","-33,1268842","-64,3506521","Constitución 1040, X5800 Río Cuarto, Córdoba, Argentina",Match,Google
DICHIARA-EX ESC.GRAL S.MARTIN,BOLIVAR Y ALBERDI 335,9,6115,6123,3131,13-188,Río Cuarto,RIO CUARTO,13,188,,,RIO CUARTO,"BOLIVAR Y ALBERDI 335, RIO CUARTO, Córdoba, Argentina","-33,1272427","-64,346447","Alberdi 998, Centro, X5800AGT Río Cuarto, Córdoba, Argentina",Match,Google
ESCUELA PIAS,BV GRAL ROCA 701,8,6259,6266,2781,13-188,Río Cuarto,RIO CUARTO,13,188,,,RIO CUARTO,"BV GRAL ROCA 701, RIO CUARTO, Córdoba, Argentina","-33,1281138","-64,3425508","Bv. Gral. Roca 701, X5800 Río Cuarto, Córdoba, Argentina",Match,Google
ESC MANUEL BELGRANO,SOBREMONTE 1333,14,6196,6209,4851,13-188,Río Cuarto,RIO CUARTO,13,188,,,RIO CUARTO,"SOBREMONTE 1333, RIO CUARTO, Córdoba, Argentina","-33,1299761","-64,3503125","Sobremonte 1333, X5800ABA Río Cuarto, Córdoba, Argentina",Match,Google
ESC VELEZ SARSFIELD,MENDOZA 1502,10,6249,6258,3473,13-188,Río Cuarto,RIO CUARTO,13,188,,,RIO CUARTO,"MENDOZA 1502, RIO CUARTO, Córdoba, Argentina","-33,1306429","-64,3560255","Mendoza 1502, X5800 Río Cuarto, Córdoba, Argentina",Match,Google
ESC BARTOLOME MITRE,LAVALLE 1452,12,6174,6185,4147,13-188,Río Cuarto,RIO CUARTO,13,188,,,RIO CUARTO,"LAVALLE 1452, RIO CUARTO, Córdoba, Argentina","-33,1325486","-64,3450023","Lavalle 1452, X5800 Río Cuarto, Córdoba, Argentina",Match,Google
ESCUELA MARIANO MORENO,BELGRANO 428,5,8531,8535,1645,26-389,Unión,LABORDE,26,389,,,LABORDE,"BELGRANO 428, LABORDE, Córdoba, Argentina","-33,1480372","-62,8536037","Belgrano, Laborde, Córdoba, Argentina",Match,Google
ESCUELA PROV DARDO ROCHA,BOLIVAR 611,5,8542,8546,1645,26-389,Unión,LABORDE,26,389,,,LABORDE,"BOLIVAR 611, LABORDE, Córdoba, Argentina","-33,1498614","-62,8573969","Bolívar 611, Laborde, Córdoba, Argentina",Match,Google
INST SUP DE PROFESORADO,SAN MARTIN 451,6,8536,8541,1965,26-389,Unión,LABORDE,26,389,,,LABORDE,"SAN MARTIN 451, LABORDE, Córdoba, Argentina","-33,1522503","-62,8560783","San Martín, Laborde, Córdoba, Argentina",Match,Google
ESC DOMINGO FAUSTINO SARMIENTO,SARMIENTO 425,8,5697,5704,2663,13-160,Río Cuarto,ACHIRAS,13,160,,,ACHIRAS,"SARMIENTO 425, ACHIRAS, Córdoba, Argentina","-33,1737737","-64,9944525","Sarmiento 425, Achiras, Córdoba, Argentina",Match,Google
INSTITUTO SAGRADO CORAZON,9 DE JULIO 2250,13,8549,8561,4374,26-391,Unión,MONTE MAIZ,26,391,,,MONTE MAIZ,"9 DE JULIO 2250, MONTE MAIZ, Córdoba, Argentina","-33,2047092","-62,6013961","9 de Julio 2250, Monte Maiz, Córdoba, Argentina",Match,Google
ESCUELA JOSE DE SAN MARTIN,SAN MARTIN 1518,6,8562,8567,2019,26-391,Unión,MONTE MAIZ,26,391,,,MONTE MAIZ,"SAN MARTIN 1518, MONTE MAIZ, Córdoba, Argentina","-33,2049692","-62,599998","San Martin, Monte Maiz, Córdoba, Argentina",Match,Google
ESC.PROV.C.SAAVEDRA,AV GENERAL PAZ 263,7,5876,5882,2323,13-172,Río Cuarto,HOLMBERG,13,172,,,HOLMBERG,"AV GENERAL PAZ 263, HOLMBERG, Córdoba, Argentina","-33,2055631","-64,4343063","Av. Gral. Paz 263, Santa Catalina, Córdoba, Argentina",Match,Google
INST SEC ISLA VERDE,LIBERTAD 446,12,5011,5022,4174,9-129,Marcos Juárez,ISLA VERDE,9,129,,,ISLA VERDE,"LIBERTAD 446, ISLA VERDE, Córdoba, Argentina","-33,2389055","-62,4033711","Libertad 446, Isla Verde, Córdoba, Argentina",Match,Google
INST. SUP. JOSE MANUEL ESTRADA,SANTA FE 665,9,4950,4958,3062,9-125,Marcos Juárez,CORRAL DE BUSTOS,9,125,,,CORRAL DE BUSTOS,"SANTA FE 665, CORRAL DE BUSTOS, Córdoba, Argentina","-33,2829064","-62,1907398","Av. Sta. Fe 665, Corral de Bustos, Córdoba, Argentina",Match,Google
ESC.MISIONEROS SALESIANOS,VELEZ SARSFIELD 625,7,4744,4750,2285,8-102,Juárez Celman,ALEJANDRO,8,102,,,ALEJANDRO,"VELEZ SARSFIELD 625, ALEJANDRO, Córdoba, Argentina","-33,3539887","-63,7164779","Velez Sarsfield, Alejandro Roca, Córdoba, Argentina",Match,Google
INSTPABLO ANTONIO PIZZURNO,SAMPACHO,8,6302,6309,2713,13-189,Río Cuarto,SAMPACHO,13,189,,,SAMPACHO,"SAMPACHO, SAMPACHO, Córdoba, Argentina","-33,384713","-64,7231018","Sampacho, Cordoba, Argentina",Match,Google
ESC SAN MARTIN,SAMPACHO,7,6295,6301,2381,13-189,Río Cuarto,SAMPACHO,13,189,,,SAMPACHO,"SAMPACHO, SAMPACHO, Córdoba, Argentina","-33,384713","-64,7231018","Sampacho, Cordoba, Argentina",Match,Google
INSTITUTO LA CONSOLATA,HIPOLITO IRIGOYEN 482,7,6288,6294,2373,13-189,Río Cuarto,SAMPACHO,13,189,,,SAMPACHO,"HIPOLITO IRIGOYEN 482, SAMPACHO, Córdoba, Argentina","-33,3855559","-64,7249745","Hipólito Irigoyen 482, Sampacho, Córdoba, Argentina",Match,Google
ESC.NAC.DE COMERCIO,V.SARSFIELD 651,12,4840,4851,4064,8-112,Juárez Celman,LA CARLOTA,8,112,,,LA CARLOTA,"V.SARSFIELD 651, LA CARLOTA, Córdoba, Argentina","-33,4191577","-63,2908806","Av. Vélez Sarsfield 651, La Carlota, Córdoba, Argentina",Match,Google
INST.NTA.M.DE LAS MERCEDES,9 DE JULIO 271,9,4831,4839,3060,8-112,Juárez Celman,LA CARLOTA,8,112,,,LA CARLOTA,"9 DE JULIO 271, LA CARLOTA, Córdoba, Argentina","-33,420811","-63,3004409","9 de Julio 271, La Carlota, Córdoba, Argentina",Match,Google
INSTITUTO BELISARIO ROLDAN,25 DE MAYO 160,12,8495,8506,4162,26-378,Unión,CANALS,26,378,,,CANALS,"25 DE MAYO 160, CANALS, Córdoba, Argentina","-33,5580992","-62,8834097","25 de Mayo, Canals, Córdoba, Argentina",Match,Google
ESC PROV J HERNANDEZ,SAN MARTIN 187,10,8485,8494,3483,26-378,Unión,CANALS,26,378,,,CANALS,"SAN MARTIN 187, CANALS, Córdoba, Argentina","-33,5602316","-62,8853148","San Martin, Canals, Córdoba, Argentina",Match,Google
IPEM N°94 DOLORES L DE LAVALLE,MOLDES,8,5973,5980,2744,13-184,Río Cuarto,MOLDES,13,184,,,MOLDES,"MOLDES, MOLDES, Córdoba, Argentina","-33,6233067","-64,5973906","Coronel Moldes, Cordoba, Argentina",Match,Google
INSTITUTO ADELIA MARIA,AV SAN MARTIN 1050,11,5706,5716,3717,13-161,Río Cuarto,ADELIA MARIA,13,161,,,ADELIA MARIA,"AV SAN MARTIN 1050, ADELIA MARIA, Córdoba, Argentina","-33,635619","-64,021456","Av. San Martin 1050, X5843 Adelia María, Córdoba, Argentina",Match,Google
ESC.R.ESCALADA DE SAN MARTIN,AV. ESPAÑA 779,10,4907,4916,3356,9-120,Marcos Juárez,ARIAS,9,120,,,ARIAS,"AV. ESPAÑA 779, ARIAS, Córdoba, Argentina","-33,6411514","-62,3977294","Av. España 779, Arias, Córdoba, Argentina",Match,Google
ESC.PROV.SGTO.CABRAL,INTENDENTE MELQUIOT 922,9,4917,4925,3021,9-120,Marcos Juárez,ARIAS,9,120,,,ARIAS,"INTENDENTE MELQUIOT 922, ARIAS, Córdoba, Argentina","-33,6424601","-62,4003306","Intendente Melquiot 922, Arias, Córdoba, Argentina",Match,Google
ESC GRAL NAPOLEON URIBURU,LIB GENERAL SAN MARTIN 318,9,5955,5963,3110,13-183,Río Cuarto,VICUÑA MACKENNA,13,183,,,VICUÑA MACKENNA,"LIB GENERAL SAN MARTIN 318, VICUÑA MACKENNA, Córdoba, Argentina","-33,9131648","-64,3944317","San Martín 318, X6140CJF Vicuña Mackenna, Córdoba, Argentina",Match,Google
ESC GUIDO SPANO,SARMIENTO 672,8,5947,5954,2765,13-183,Río Cuarto,VICUÑA MACKENNA,13,183,,,VICUÑA MACKENNA,"SARMIENTO 672, VICUÑA MACKENNA, Córdoba, Argentina","-33,915333","-64,3887173","Domingo Faustino Sarmiento 672, Vicuña Mackenna, Córdoba, Argentina",Match,Google
INST JUAN PASCUAL PRINGLES,AV CARLOS S YDE 684,10,5937,5946,3453,13-183,Río Cuarto,VICUÑA MACKENNA,13,183,,,VICUÑA MACKENNA,"AV CARLOS S YDE 684, VICUÑA MACKENNA, Córdoba, Argentina","-33,9180792","-64,3905288","Av. Carlos San Yde 684, Vicuña Mackenna, Córdoba, Argentina",Match,Google
ESC GRAL NICOLAS LEVALLE,BERNARDINO ANCE 601,7,6839,6845,2380,17-252,Pte. Roque Sáenz Peña,LEVALLE,17,252,,,LEVALLE,"BERNARDINO ANCE 601, LEVALLE, Córdoba, Argentina","-34,0043814","-63,920886","Bernardino Ance 601, X6132AGI Gral. Levalle, Córdoba, Argentina",Match,Google
ESC DR VIRGILIO BARBALATO,CARLOS PELLEGRINI 331,8,6846,6853,2715,17-252,Pte. Roque Sáenz Peña,LEVALLE,17,252,,,LEVALLE,"CARLOS PELLEGRINI 331, LEVALLE, Córdoba, Argentina","-34,0133024","-63,924955","Carlos Pellegrini 331, X6132AJE Gral. Levalle, Córdoba, Argentina",Match,Google
ESC PRESIDENTE R SAENZ PEÑA,AV QUINTANA 126,7,6826,6832,2394,17-248,Pte. Roque Sáenz Peña,LABOULAYE,17,248,,,LABOULAYE,"AV QUINTANA 126, LABOULAYE, Córdoba, Argentina","-34,1189588","-63,3869684","Av. Quintana 126, Laboulaye, Córdoba, Argentina",Match,Google
ESC GRAL CONRADO VILLEGAS,INTENDENTE FENOGLIO 344,10,6789,6798,3436,17-248,Pte. Roque Sáenz Peña,LABOULAYE,17,248,,,LABOULAYE,"INTENDENTE FENOGLIO 344, LABOULAYE, Córdoba, Argentina","-34,1254633","-63,3981412","Int. Fenoglio 344, Laboulaye, Córdoba, Argentina",Match,Google
ESC JUAN PASCUAL PRINGLES,AV INDEPENDENCIA 284,11,6815,6825,3770,17-248,Pte. Roque Sáenz Peña,LABOULAYE,17,248,,,LABOULAYE,"AV INDEPENDENCIA 284, LABOULAYE, Córdoba, Argentina","-34,1289201","-63,3899609","Av. Independencia 284, Laboulaye, Córdoba, Argentina",Match,Google
I.P.E.M. 278-M.ARGENTINAS,AV INDEPENDENCIA 475,9,6780,6788,3087,17-248,Pte. Roque Sáenz Peña,LABOULAYE,17,248,,,LABOULAYE,"AV INDEPENDENCIA 475, LABOULAYE, Córdoba, Argentina","-34,1328915","-63,3912558","Av. Independencia 475, Laboulaye, Córdoba, Argentina",Match,Google
IPEM 257 DR RENE FAVALORO,AV INDEPENDENCIA 512,10,6805,6814,3430,17-248,Pte. Roque Sáenz Peña,LABOULAYE,17,248,,,LABOULAYE,"AV INDEPENDENCIA 512, LABOULAYE, Córdoba, Argentina","-34,1336495","-63,3914857","Av. Independencia 512, Laboulaye, Córdoba, Argentina",Match,Google
ESC.PROV.J.CROTTO,SAN JOSE DE CALASANZ,9,4299,4307,2786,5-72,General Roca,VILLA VALERIA,5,72,,,VILLA VALERIA,"SAN JOSE DE CALASANZ, VILLA VALERIA, Córdoba, Argentina","-34,3427071","-64,9221596","San José de Calasanz, Villa Valeria, Córdoba, Argentina",Match,Google
I.P.E.M. N° 219,CARLOS GARDEL 653,3,4232,4234,945,5-60,General Roca,DEL CAMPILLO,5,60,,,DEL CAMPILLO,"CARLOS GARDEL 653, DEL CAMPILLO, Córdoba, Argentina","-34,3783606","-64,4964277","Carlos Gardel, Del Campillo, Córdoba, Argentina",Match,Google
ESCUELA J.M.PAZ,JOSE MARIA PAZ 444,7,4225,4231,2213,5-60,General Roca,DEL CAMPILLO,5,60,,,DEL CAMPILLO,"JOSE MARIA PAZ 444, DEL CAMPILLO, Córdoba, Argentina","-34,3783763","-64,497677","Jose Maria Paz, Del Campillo, Córdoba, Argentina",Match,Google
INS SAN ALBERTO Y SAN ENRIQUE,AV OOSTENDORP 281,9,6862,6870,3056,17-257,Pte. Roque Sáenz Peña,SERRANO,17,257,,,SERRANO,"AV OOSTENDORP 281, SERRANO, Córdoba, Argentina","-34,4746397","-63,5348454","Avenida Oostendorp 281, Serrano, Córdoba, Argentina",Match,Google
ESC.PROV.D.F. SARMIENTO,GENERAL PAZ 249,7,4261,4267,2365,5-63,General Roca,JOVITA,5,63,,,JOVITA,"GENERAL PAZ 249, JOVITA, Córdoba, Argentina","-34,5196093","-63,9471561","Gral. Paz 249, Jovita, Córdoba, Argentina",Match,Google
I.P.E.M. N° 221,REMIGIO GARCIA 55,6,4268,4273,2026,5-63,General Roca,JOVITA,5,63,,,JOVITA,"REMIGIO GARCIA 55, JOVITA, Córdoba, Argentina","-34,5237305","-63,9410687","Remigio Garcia 55, Córdoba, Argentina",Match,Google
COLEGIO NAC. L.V.MANSILLA,SAN MARTIN 650,7,4250,4256,2392,5-61,General Roca,HUINCA RENANCO,5,61,,,HUINCA RENANCO,"SAN MARTIN 650, HUINCA RENANCO, Córdoba, Argentina","-34,8428648","-64,3713405","San Martin, Huinca Renanco, Córdoba, Argentina",Match,Google
ESC.PROV.M.BELGRANO,PASCO 327,7,4291,4297,2339,5-70,General Roca,VILLA HUIDOBRO,5,70,,,VILLA HUIDOBRO,"PASCO 327, VILLA HUIDOBRO, Córdoba, Argentina","-34,8450367","-64,5831969","Pasco, Villa Huidobro, Córdoba, Argentina",Match,Google
ESC.R.DE ESCALADA,#N/A,1,4381,4381,6,6-88B,General San Martín,SAN ANTONIO DE YUCAT,6,88B,,,SAN ANTONIO DE YUCAT,#N/A,"-38,416097","-63,616672",Argentina,Match,Google
ESC.R.DE ESCALADA,#N/A,1,4380,4380,3,6-88A,General San Martín,SANTA RITA,6,88A,,,SANTA RITA,#N/A,"-38,416097","-63,616672",Argentina,Match,Google
ESC PROV JUAN B ALBERDI,#N/A,1,4065,4065,3,4-43C,Cruz del Eje,CIENAGA DE BRITOS,4,43C,,,CIENAGA DE BRITOS,#N/A,"-38,416097","-63,616672",Argentina,Match,Google
ESC.PROV.V.LOPEZ Y PLANES,BUENOS AIRES 414,5,8515,8519,1579,26-384,Unión,PUEBLO ITALIANO,26,384,,,PUEBLO ITALIANO,"BUENOS AIRES 414, PUEBLO ITALIANO, Córdoba, Argentina","-33,8807473","-62,8404246","414, de Buenos Aires, X2653 Pueblo Italiano, Córdoba, Argentina",Match,Google
INST JOSE DE SAN MARTIN,ENTRE RIOS 977,5,8636,8640,1577,26-400,Unión,SAN MARCOS SUD,26,400,,,SAN MARCOS SUD,"ENTRE RIOS 977, SAN MARCOS SUD, Córdoba, Argentina","-32,628677","-62,4807835","Entre Ríos 977, San Marcos, Córdoba, Argentina",Match,Google
CENTRO POLIVALENTE DE ARTE,INTENDENTE MARTIN BARCIA- COUNTRY 845,4,8478,8481,1391,26-375,Unión,BELL VILLE,26,375,,,BELL VILLE,"INTENDENTE MARTIN BARCIA- COUNTRY 845, BELL VILLE, Córdoba, Argentina","-32,6243202","-62,6976079","1049,X2550CCS, Int. Barcia 1001, Bell Ville, Córdoba, Argentina",Match,Google
ESC PROV NIÑAS DE AYOHUMA,VICENTE LOPEZ Y PLANES S/N,4,8568,8571,1275,26-392,Unión,MORRISON,26,392,,,MORRISON,"VICENTE LOPEZ Y PLANES S/N, MORRISON, Córdoba, Argentina","-32,5981436","-62,835102","Vicente López y Planes, Morrison, Córdoba, Argentina",Match,Google
ESC MAESTRO J RECALDE,SARMIENTO 451,2,8605,8606,693,26-395,Unión,PASCANAS,26,395,,,PASCANAS,"SARMIENTO 451, PASCANAS, Córdoba, Argentina","-33,122312","-63,0444373","Sarmiento 451, Pascanas, Córdoba, Argentina",Match,Google
ESC R VERA PEÑALOZA,FUERZA AEREA ARGENTINA 278,2,8524,8525,611,26-386,Unión,GOULD,26,386,,,GOULD,"FUERZA AEREA ARGENTINA 278, GOULD, Córdoba, Argentina","-31,4386994","-64,2744864","Av. Fuerza Aerea Argentina 5011, 5000 Córdoba, Argentina",Match,Google
ESC.PROV.D.F.SARMIENTO,CARDO 146,2,8547,8548,567,26-390,Unión,MONTE LEÑA,26,390,,,MONTE LEÑA,"CARDO 146, MONTE LEÑA, Córdoba, Argentina","-32,6110294","-62,5888455","Cardo, Monte Leña, Córdoba, Argentina",Match,Google
ESC PROV PAULA ALBARRACIN,LOS FRESNOS 290,1,8645,8645,265,26-401,Unión,SANTA MARIA,26,401,,,SANTA MARIA,"LOS FRESNOS 290, SANTA MARIA, Córdoba, Argentina","-31,3351351","-64,2636935","Av. Ricardo Rojas 7424-7498, Córdoba, Argentina",Match,Google
ESC PROV ALMAFUERTE,CALLE PUBLICA S/N,1,8484,8484,256,26-377,Unión,BREMEN,26,377,,,BREMEN,"CALLE PUBLICA S/N, BREMEN, Córdoba, Argentina","-31,4632889","-64,2643069","Pública A Sur, Córdoba, Argentina",Match,Google
ESC.PROV.A.M.ZUMARAN D CARCANO,PUBLICA,1,8507,8507,23,26-379,Unión,CARCANO,26,379,,,CARCANO,"PUBLICA, CARCANO, Córdoba, Argentina","-31,4109396","-64,1653704","General Juan José Viamonte 446, General Paz, X5004AUJ Córdoba, Argentina",Match,Google
ESC.PROV.OB.O.CORREA,CALLE REAL      S/N,6,8364,8369,1996,25-371,Tulumba,TULUMBA,25,371,,,TULUMBA,"CALLE REAL      S/N, TULUMBA, Córdoba, Argentina","-30,3947367","-64,1218915","Calle Real, Córdoba, Argentina",Match,Google
ESC.MARIA L.ROBLEDO,PUBLICA,3,8353,8355,1042,25-366,Tulumba,LUCIO V MANSILLA,25,366,,,LUCIO V MANSILLA,"PUBLICA, LUCIO V MANSILLA, Córdoba, Argentina","-29,8057521","-64,7094192","Lucio V. Mansilla, Córdoba, Argentina",Match,Google
ESC.PROV.V.MERCANTE,ONCATIVO    S/N,2,8358,8359,656,25-368,Tulumba,SAN JOSE DE LAS SALINAS,25,368,,,SAN JOSE DE LAS SALINAS,"ONCATIVO    S/N, SAN JOSE DE LAS SALINAS, Córdoba, Argentina","-30,0070177","-64,6239661","Oncativo, San José de Las Salinas, Córdoba, Argentina",Match,Google
ESC PROV JOSE MARMOL,CAMINO PROVINCIAL S/N,1,8337,8337,48,25-363,Tulumba,ISLA DE SAN ANTONIO,25,363,,,ISLA DE SAN ANTONIO,"CAMINO PROVINCIAL S/N, ISLA DE SAN ANTONIO, Córdoba, Argentina","-31,075413","-64,515201","Camino Provincial SN, X5172 La Falda, Córdoba, Argentina",Match,Google
ESC PROV 25 DE MAYO,CALLE PUBLICA S/N,1,8336,8336,35,25-362,Tulumba,EL BAÑADO,25,362,,,EL BAÑADO,"CALLE PUBLICA S/N, EL BAÑADO, Córdoba, Argentina","-31,3585066","-64,1315576","Calle Publica S/N, Córdoba, Argentina",Match,Google
ESC PROV MANUEL DORREGO,PUBLICA S/N,1,8363,8363,27,25-370A,Tulumba,LA CAÑADA,25,370A,,,LA CAÑADA,"PUBLICA S/N, LA CAÑADA, Córdoba, Argentina","-31,4394412","-64,1893433","1 s/n Pabellón Argentina X5000GYA, Av. Haya de la Torre, Córdoba, Argentina",Match,Google
ESC NORM SUP V DEL TOTORAL,REP ARGENTINA Y PTE PERON S/N,6,8314,8319,2040,24-359,Totoral,VILLA DEL TOTORAL,24,359,,,VILLA DEL TOTORAL,"REP ARGENTINA Y PTE PERON S/N, VILLA DEL TOTORAL, Córdoba, Argentina","-30,7040724","-64,0655506","Presidente Perón, Villa del Totoral, Córdoba, Argentina",Match,Google
ESC.R.J.CARCANO,CALLE PUBLICA S/N,4,8274,8277,1200,24-351,Totoral,CAÑADA DE LUQUE,24,351,,,CAÑADA DE LUQUE,"CALLE PUBLICA S/N, CAÑADA DE LUQUE, Córdoba, Argentina","-30,734144","-63,7245668","Cañada de Luque, Cordoba, Argentina",Match,Google
ESC.PROV.S.MARTIN Y GOMEZ,ESPAÑA S/N,4,8290,8293,1190,24-355,Totoral,SARMIENTO,24,355,,,SARMIENTO,"ESPAÑA S/N, SARMIENTO, Córdoba, Argentina","-31,4299763","-64,1804649","Sarmiento Park, Sarmiento s/n, X5000 Córdoba, Argentina",Match,Google
ESC PROV BERNARDINO RIVADAVIA,PUBLICA S/N,3,8278,8280,738,24-351A,Totoral,LA PAMPA,24,351A,,,LA PAMPA,"PUBLICA S/N, LA PAMPA, Córdoba, Argentina","-30,9433044","-64,2702254","Pueblo La Pampa, Calle Pública s/n, X5000 Ascochinga, Córdoba, Argentina",Match,Google
ESC PROV GRAL ARENALES,CALLE PUBLICA S/N,2,8272,8273,400,24-350,Totoral,CANDELARIA,24,350,,,CANDELARIA,"CALLE PUBLICA S/N, CANDELARIA, Córdoba, Argentina","-31,4632889","-64,2643069","Pública A Sur, Córdoba, Argentina",Match,Google
ESC.PROV.F.AMEGHINO,PUBLICA,1,8294,8294,345,24-356,Totoral,SIMBOLAR,24,356,,,SIMBOLAR,"PUBLICA, SIMBOLAR, Córdoba, Argentina","-30,474801","-63,983628","Publica S N, X5242 Simbolar, Córdoba, Argentina",Match,Google
ESC PROV PEDRO N ARIAS,PUBLICA S/N,1,8287,8287,165,24-352A,Totoral,LOS MISTOLES,24,352A,,,LOS MISTOLES,"PUBLICA S/N, LOS MISTOLES, Córdoba, Argentina","-31,4394412","-64,1893433","1 s/n Pabellón Argentina X5000GYA, Av. Haya de la Torre, Córdoba, Argentina",Match,Google
ESC CEFERINO NAMUNCURA,CALLE PUBLICA S/N,1,8288,8288,65,24-353,Totoral,MACHA,24,353,,,MACHA,"CALLE PUBLICA S/N, MACHA, Córdoba, Argentina","-31,4632889","-64,2643069","Pública A Sur, Córdoba, Argentina",Match,Google
ESC SUP DE COMERCIO,D DE ROJAS 761,6,8188,8193,2064,23-348,Tercero Arriba,RIO TERCERO,23,348,,,RIO TERCERO,"D DE ROJAS 761, RIO TERCERO, Córdoba, Argentina","-32,1663563","-64,1257666","Diego de Rojas 761, Río Tercero, Córdoba, Argentina",Match,Google
COLEGIO DIVINO CORAZON,25 DE MAYO 100,6,8040,8045,2058,23-340,Tercero Arriba,HERNANDO,23,340,,,HERNANDO,"25 DE MAYO 100, HERNANDO, Córdoba, Argentina","-32,43163","-63,7259643","25 de Mayo, Hernando, Córdoba, Argentina",Match,Google
INST SEC JOSE M ESTRADA,AV SABATINI 274,6,8062,8067,1983,23-341,Tercero Arriba,JAMES CRAIK,23,341,,,JAMES CRAIK,"AV SABATINI 274, JAMES CRAIK, Córdoba, Argentina","-32,1632574","-63,4629946","Blvd. Sabattini 274, James Craik, Córdoba, Argentina",Match,Google
ESC PROV FRAY LUIS BELTRAN,JUANA AZURDUY 283,5,8028,8032,1460,23-339,Tercero Arriba,DALMACIO VELEZ,23,339,,,DALMACIO VELEZ,"JUANA AZURDUY 283, DALMACIO VELEZ, Córdoba, Argentina","-32,6112061","-63,5781466","Juana Azurduy 283, Dalmacio Vélez Sarsfield, Córdoba, Argentina",Match,Google
ESC.PROV.S.A.GUTIERREZ,PUBLICA,1,8130,8130,231,23-347,Tercero Arriba,PUNTA DEL AGUA,23,347,,,PUNTA DEL AGUA,"PUBLICA, PUNTA DEL AGUA, Córdoba, Argentina","-32,3841431","-63,2596019","Arturo Jauretche 1555, X5900 Villa María, Córdoba, Argentina",Match,Google
INST EL OBRAJE (ARRIBA),NIETO 17,6,7696,7701,2083,21-316,Santa María,ALTA GRACIA,21,316,,,ALTA GRACIA,"NIETO 17, ALTA GRACIA, Córdoba, Argentina","-31,6582777","-64,4351039","Nieto 17, Alta Gracia, Córdoba, Argentina",Match,Google
IPEM N° 118-JUANA AZURDUY,SALOMON PALACIOS,6,7803,7808,1961,21-316A,Santa María,ANIZACATE,21,316A,,,ANIZACATE,"SALOMON PALACIOS, ANIZACATE, Córdoba, Argentina","-31,7252106","-64,4039648","S Palacios 15, Villa Anisacate, Córdoba, Argentina",Match,Google
ESC.PROV.J.HERNANDEZ,CALLE 10 ESQ AV N 5,6,7830,7835,1903,21-316G,Santa María,VILLA EL PRADO,21,316G,,,VILLA EL PRADO,"CALLE 10 ESQ AV N 5, VILLA EL PRADO, Córdoba, Argentina","-31,398857","-64,170939","Av. Leandro N. Alem 200, X5101HYN Córdoba, Argentina",Match,Google
ESC PTE HIPOLITO IRIGOYEN,RIVADAVIA 49,5,7798,7802,1736,21-316,Santa María,ALTA GRACIA,21,316,,,ALTA GRACIA,"RIVADAVIA 49, ALTA GRACIA, Córdoba, Argentina","-31,664611","-64,4366959","Bernardino Rivadavia 49, X5186CIA Alta Gracia, Córdoba, Argentina",Match,Google
ESC DR FLORENTINO F BUSTOS,LIBERTADOR SAN MARTIN,5,7857,7861,1587,21-319,Santa María,BOUWER,21,319,,,BOUWER,"LIBERTADOR SAN MARTIN, BOUWER, Córdoba, Argentina","-31,4191568","-64,1882735","Vélez Sársfield 365, X5000JJD Córdoba, Argentina",Match,Google
ESC PROV DOMINGO F SARMIENTO,PUBLICA S/N,5,7882,7886,1433,21-324,Santa María,FALDA DEL CARMEN,21,324,,,FALDA DEL CARMEN,"PUBLICA S/N, FALDA DEL CARMEN, Córdoba, Argentina","-31,5864639","-64,461076","Falda del Carmen, Córdoba, Argentina",Match,Google
ESC.PROV.B.RIVADAVIA,SARMIENTO 441,5,7887,7891,1419,21-325,Santa María,LOZADA,21,325,,,LOZADA,"SARMIENTO 441, LOZADA, Córdoba, Argentina","-31,6476449","-64,0921757","Sarmiento, Lozada, Córdoba, Argentina",Match,Google
ESCUELA ATAHULPA YUPANQUI,MISIONES   S/N,4,7836,7839,1157,21-316H,Santa María,VILLA LA BOLSA,21,316H,,,VILLA LA BOLSA,"MISIONES   S/N, VILLA LA BOLSA, Córdoba, Argentina","-31,7299296","-64,4327306","Misiónes, La Bolsa, Córdoba, Argentina",Match,Google
IPET N°118 AZURDUY (CIRC 316A),SALOMON PALACIOS S/N,4,7826,7829,1121,21-316F,Santa María,VALLE DE ANIZACATE,21,316F,,,VALLE DE ANIZACATE,"SALOMON PALACIOS S/N, VALLE DE ANIZACATE, Córdoba, Argentina","-31,7252106","-64,4039648","S Palacios 15, Villa Anisacate, Córdoba, Argentina",Match,Google
ESC PROV GABRIELA MISTRAL,MARCELO GARLOT,3,7921,7923,985,21-326A,Santa María,YOCSINA,21,326A,,,YOCSINA,"MARCELO GARLOT, YOCSINA, Córdoba, Argentina","-31,4463729","-64,3631254","Ing Marcelo Garlot, Malagueño, Córdoba, Argentina",Match,Google
ESC.PROV.J.V.GONZALEZ,RUTA N 5 KM 54,3,7946,7948,914,21-328B,Santa María,VILLA CIUDAD DE AMERICA,21,328B,,,VILLA CIUDAD DE AMERICA,"RUTA N 5 KM 54, VILLA CIUDAD DE AMERICA, Córdoba, Argentina","-31,808349","-64,5153213","Ruta provincial N5 & Salida Club de pesca Alta Gracia, 300mts calle sin nombre Km 54,5, X5189XAV Villa Ciudad de América, Córdoba, Argentina",Match,Google
ESC.PROV.M.MORENO,PUBLICA,2,7950,7951,657,21-330,Santa María,SAN ISIDRO,21,330,,,SAN ISIDRO,"PUBLICA, SAN ISIDRO, Córdoba, Argentina","-31,4237765","-64,1804102","3º Piso, Rondeau 467, X5000 AVI, Córdoba, Argentina",Match,Google
JARDIN VICENTE LOPEZ Y PLANES,RUTA E 56,2,7816,7817,653,21-316A,Santa María,ANIZACATE,21,316A,,,ANIZACATE,"RUTA E 56, ANIZACATE, Córdoba, Argentina","-31,7256161","-64,4047731","RP E56, Villa Anisacate, Córdoba, Argentina",Match,Google
ESC.PROV.FRENCH Y BERUTTI,SARMIENTO Y BERUTTI,2,7855,7856,644,21-318,Santa María,RAFAEL GARCIA,21,318,,,RAFAEL GARCIA,"SARMIENTO Y BERUTTI, RAFAEL GARCIA, Córdoba, Argentina","-31,6469514","-64,2588964","Rafael Garcia, Córdoba, Argentina",Match,Google
ESC GENERAL MANUEL BELGRANO,SAN AGUSTIN S/N,2,7820,7821,479,21-316D,Santa María,LA SERRANITA,21,316D,,,LA SERRANITA,"SAN AGUSTIN S/N, LA SERRANITA, Córdoba, Argentina","-31,735991","-64,454574","San Agustin, Villa Serranita, Córdoba, Argentina",Match,Google
ESC.PROV.J.B.CABRAL,PUBLICA,1,7949,7949,209,21-329,Santa María,SAN CLEMENTE,21,329,,,SAN CLEMENTE,"PUBLICA, SAN CLEMENTE, Córdoba, Argentina","-31,7144311","-64,6275792","Santa Lucia esq, San Clemente, Córdoba, Argentina",Match,Google
ESC PROV DOMINGO F SARMIENTO,PUBLICA S/N,1,7818,7818,181,21-316B,Santa María,LA PAISANITA,21,316B,,,LA PAISANITA,"PUBLICA S/N, LA PAISANITA, Córdoba, Argentina","-31,732775","-64,456379","Calle Publica s/n, Ubicado a media cuadra del Balneario, X5189 La Serranita (Villa Serranita), Córdoba, Argentina",Match,Google
LOCAL COMUNAL,LA RANCHERITA,1,7819,7819,175,21-316C,Santa María,LA RANCHERITA,21,316C,,,LA RANCHERITA,"LA RANCHERITA, LA RANCHERITA, Córdoba, Argentina","-31,7477264","-64,4585771","La Rancherita, Córdoba, Argentina",Match,Google
ESC PROV OLEGARIO V ANDRADE,PUBLICA S/N,1,7863,7863,52,21-322,Santa María,COSME,21,322,,,COSME,"PUBLICA S/N, COSME, Córdoba, Argentina","-31,4632889","-64,2643069","Pública A Sur, Córdoba, Argentina",Match,Google
OLEGARIO V ANDRADE (CIRC 322),PUBLICA S/N -COSME NORTE,1,7862,7862,26,21-320,Santa María,BUENA VISTA,21,320,,,BUENA VISTA,"PUBLICA S/N -COSME NORTE, BUENA VISTA, Córdoba, Argentina","-31,403291","-64,496371","Enrique Zárate 82, X5152 Villa Carlos Paz, Córdoba, Argentina",Match,Google
COLEGIO SAGRADO CORAZON,25 DE MAYO 1414,6,7610,7615,2065,20-310A,San Justo,SAN FRANCISCO SECC. NORTE,20,310A,,,San Francisco,"25 DE MAYO 1414, San Francisco, Córdoba, Argentina","-31,43004","-62,0819252","25 de Mayo 1414, San Francisco, Córdoba, Argentina",Match,Google
INST PASCUAL BAILON SOSA,AV TRIGUEROS 151,6,7652,7657,2065,20-310A,San Justo,SAN FRANCISCO SECC. NORTE,20,310A,,,San Francisco,"AV TRIGUEROS 151, San Francisco, Córdoba, Argentina","-31,4255144","-62,103798","Av. Trigueros 151, San Francisco, Córdoba, Argentina",Match,Google
ESC BERNARDINO RIVADAVIA,SARMIENTO 208,6,7454,7459,2052,20-304,San Justo,MORTEROS,20,304,,,MORTEROS,"SARMIENTO 208, MORTEROS, Córdoba, Argentina","-30,7112802","-61,9991639","Bv. Sarmiento 208, Morteros, Córdoba, Argentina",Match,Google
ESC.PROV.RECONQUISTA,SARMIENTO 543,6,7141,7146,1890,20-278,San Justo,ALTOS DE CHIPION,20,278,,,ALTOS DE CHIPION,"SARMIENTO 543, ALTOS DE CHIPION, Córdoba, Argentina","-30,9551403","-62,3401637","Sarmiento, Altos de Chipión, Córdoba, Argentina",Match,Google
ESC.REP DEL PARAGUAY,25 DE MAYO 299,6,7397,7402,1745,20-301,San Justo,MARULL,20,301,,,MARULL,"25 DE MAYO 299, MARULL, Córdoba, Argentina","-30,9947128","-62,8271561","25 de Mayo, Marull, Córdoba, Argentina",Match,Google
INST COM SEC LA FRANCIA,24 DE SEPTIEMBRE 493,5,7315,7319,1642,20-293,San Justo,LA FRANCIA,20,293,,,LA FRANCIA,"24 DE SEPTIEMBRE 493, LA FRANCIA, Córdoba, Argentina","-31,4081066","-62,6325619","Av. 24 de Septiembre, La Francia, Córdoba, Argentina",Match,Google
ESCUELA ITUZAINGO,ITUZAINGO 251,5,7483,7487,1625,20-308,San Justo,SACANTA,20,308,,,SACANTA,"ITUZAINGO 251, SACANTA, Córdoba, Argentina","-31,6629532","-63,0485651","Ituzaingó, Sacanta, Córdoba, Argentina",Match,Google
ESC FRAY CAYETANO RODRIGUEZ,MITRE 718,5,7136,7140,1612,20-277,San Justo,ALICIA,20,277,,,ALICIA,"MITRE 718, ALICIA, Córdoba, Argentina","-31,949915","-62,466667","BV Mitre 718, Alicia, Cordoba, Argentina",Match,Google
INST MANUEL BELGRANO,BELGRANO 960,4,7479,7482,1303,20-308,San Justo,SACANTA,20,308,,,SACANTA,"BELGRANO 960, SACANTA, Córdoba, Argentina","-31,6630725","-63,0425602","Av. Belgrano 960, X5186HDS Alta Gracia, Córdoba, Argentina",Match,Google
ESC JOSE MANUEL ESTRADA,LA RIOJA 527,4,7132,7135,1289,20-277,San Justo,ALICIA,20,277,,,ALICIA,"LA RIOJA 527, ALICIA, Córdoba, Argentina","-31,9388483","-62,4645233","Rioja 527, Alicia, Córdoba, Argentina",Match,Google
ESC PROV MARIANO MORENO,GABRIELA MISTRAL 318,4,7343,7346,1194,20-297,San Justo,LAS VARAS,20,297,,,LAS VARAS,"GABRIELA MISTRAL 318, LAS VARAS, Córdoba, Argentina","-31,8056859","-62,6152313","Gabriela Mistral, Las Varas, Córdoba, Argentina",Match,Google
IPEM N°166 CAP G DEL VALLE,CAPITAN GABRIEL DEL VALLE 152,3,7292,7294,978,20-290,San Justo,EL TIO,20,290,,,EL TIO,"CAPITAN GABRIEL DEL VALLE 152, EL TIO, Córdoba, Argentina","-31,3816823","-62,8294348","El Tío, Cordoba, Argentina",Match,Google
COL MARIA AUXILIADORA,ANA PASSADORE 611,3,7673,7675,718,20-315,San Justo,VIGNAUD,20,315,,,VIGNAUD,"ANA PASSADORE 611, VIGNAUD, Córdoba, Argentina","-30,8412737","-61,9573098","Ana Passadore, Col. Vignaud, Córdoba, Argentina",Match,Google
ESC.PROV.AYACUCHO,SARMIENTO,2,7477,7478,697,20-307,San Justo,QUEBRACHO HERRADO,20,307,,,QUEBRACHO HERRADO,"SARMIENTO, QUEBRACHO HERRADO, Córdoba, Argentina","-31,5509351","-62,2282476","Sarmiento, Quebracho Herrado, Córdoba, Argentina",Match,Google
ESC CONSTANCIO LUXARDO,PUBLICA S/N,2,7391,7392,369,20-299,San Justo,LUXARDO,20,299,,,LUXARDO,"PUBLICA S/N, LUXARDO, Córdoba, Argentina","-31,4632889","-64,2643069","Pública A Sur, Córdoba, Argentina",Match,Google
ESCUELA PROV. ANTONIO SOBRAL,PUBLICA,1,7284,7284,293,20-288A,San Justo,VILLA SAN ESTEBAN,20,288A,,,VILLA SAN ESTEBAN,"PUBLICA, VILLA SAN ESTEBAN, Córdoba, Argentina","-31,8657165","-62,7174355","Buenos Aires, Las Varillas, Córdoba, Argentina",Match,Google
ESC ELSA MOLINA DE CODO,9 DE JULIO      S/N,1,7658,7658,249,20-311,San Justo,SAN PEDRO,20,311,,,SAN PEDRO,"9 DE JULIO      S/N, SAN PEDRO, Córdoba, Argentina","-31,4131422","-64,1890726","9 de Julio 390, X5000 Córdoba, Argentina",Match,Google
ESC CONGRESO DE TUCUMAN,COLONIA PICHANAS,1,7258,7258,182,20-283A,San Justo,COLONIA PICHANAS,20,283A,,,COLONIA PICHANAS,"COLONIA PICHANAS, COLONIA PICHANAS, Córdoba, Argentina","-30,7994131","-65,1727498","Pichanas, Córdoba, Argentina",Match,Google
ESCUELA N°349(ESC JUAN BEIRO),CALLE PUBLICA S/N,1,7225,7225,180,20-281,San Justo,BEIRO,20,281,,,BEIRO,"CALLE PUBLICA S/N, BEIRO, Córdoba, Argentina","-31,4632889","-64,2643069","Pública A Sur, Córdoba, Argentina",Match,Google
ESC PROV GRAL SAN MARTIN,PUBLICA S/N,1,7403,7403,126,20-302,San Justo,MAUNIER,20,302,,,MAUNIER,"PUBLICA S/N, MAUNIER, Córdoba, Argentina","-31,4632889","-64,2643069","Pública A Sur, Córdoba, Argentina",Match,Google
ESC THOMAS ALVA EDISON,CALLE PUBLICA S/N,1,7314,7314,115,20-292,San Justo,ITURRASPE,20,292,,,ITURRASPE,"CALLE PUBLICA S/N, ITURRASPE, Córdoba, Argentina","-31,4632889","-64,2643069","Pública A Sur, Córdoba, Argentina",Match,Google
ESC EMILIO FELIPE OLMOS,AV SAN MARTIN S/N,7,7114,7120,2161,19-275,San Javier,SAN JOSE,19,275,,,SAN JOSE,"AV SAN MARTIN S/N, SAN JOSE, Córdoba, Argentina","-31,4133448","-64,5023288","Ameghino s/n, X5152 Villa Carlos Paz, Córdoba, Argentina",Match,Google
ESC PROV JOSE M PAZ,VELEZ SARSFIELD Y BRAULIO FUNES,6,7073,7078,1904,19-269,San Javier,LA PAZ,19,269,,,LA PAZ,"VELEZ SARSFIELD Y BRAULIO FUNES, LA PAZ, Córdoba, Argentina","-32,2170015","-65,0473614","Vélez Sarsfield, La Paz, Córdoba, Argentina",Match,Google
ESC LEOPOLDO LUG0NES,CALLE PUBLICA S/N,5,7096,7100,1706,19-271,San Javier,LAS TAPIAS,19,271,,,LAS TAPIAS,"CALLE PUBLICA S/N, LAS TAPIAS, Córdoba, Argentina","-31,9495324","-65,1057578","Calle Pública S/n, camino boca del rio, Las Tapias, X5885 Las Tapias, Córdoba, Argentina",Match,Google
INST. VILLA DE LAS ROSAS,AV BELGRANO 350,4,7092,7095,1397,19-270,San Javier,LAS ROSAS,19,270,,,LAS ROSAS,"AV BELGRANO 350, LAS ROSAS, Córdoba, Argentina","-33,4970547","-64,3220375","Avenida Lorenzo Bernardo, San Basilio, Córdoba, Argentina",Match,Google
ESC JOSE DE SAN MARTIN,GRAL SAN MARTIN S/N,4,7101,7104,1312,19-272,San Javier,LOS HORNILLOS,19,272,,,LOS HORNILLOS,"GRAL SAN MARTIN S/N, LOS HORNILLOS, Córdoba, Argentina","-31,9038277","-64,9850797","Av San Martíns/n, Los Hornillos, Córdoba, Argentina",Match,Google
ESC.PROV.EMILIO F.OLMOS,CALLE PUBLICA S/N,4,7105,7108,1308,19-273,San Javier,LUYABA,19,273,,,LUYABA,"CALLE PUBLICA S/N, LUYABA, Córdoba, Argentina","-31,4632889","-64,2643069","Pública A Sur, Córdoba, Argentina",Match,Google
ESC GENERAL SAN MARTIN,PUBLICA,4,7128,7131,1218,19-276,San Javier,YACANTO,19,276,,,YACANTO,"PUBLICA, YACANTO, Córdoba, Argentina","-32,1057442","-64,7540869","Calle Pública S/N, X5877 Villa Yacanto, Córdoba, Argentina",Match,Google
ESC GENERAL SAN MARTIN,CALLE PUBLICA S/N,3,7109,7111,956,19-274,San Javier,SAN JAVIER,19,274,,,SAN JAVIER,"CALLE PUBLICA S/N, SAN JAVIER, Córdoba, Argentina","-32,02155","-65,022588","Calle Pública S/n, San Javier - San Javier, Argentina",Match,Google
ESC MANUEL CABRAL DE TERZAGA,RUTA PROVINCIAL 14,2,7112,7113,504,19-274A,San Javier,LA POBLACION,19,274A,,,LA POBLACION,"RUTA PROVINCIAL 14, LA POBLACION, Córdoba, Argentina","-32,0640748","-65,0293119","RP14, La Población, Córdoba, Argentina",Match,Google
ESC PROV NARCISO LAPRIDA,PUBLICA S/N,2,6986,6987,444,19-267,San Javier,CONLARA,19,267,,,CONLARA,"PUBLICA S/N, CONLARA, Córdoba, Argentina","-31,4632889","-64,2643069","Pública A Sur, Córdoba, Argentina",Match,Google
ESC.PROV.J.M.ESTRADA,PUBLICA,2,7079,7080,444,19-269A,San Javier,QUEBRACHO LADEADO,19,269A,,,QUEBRACHO LADEADO,"PUBLICA, QUEBRACHO LADEADO, Córdoba, Argentina","-32,3345093","-65,0089397","Av. del Libertador S/N Barranca Colorada (5881) Villa de Merlo San Luis, Argentina",Match,Google
ESC MAESTRO D F SARMIENTO,AV HERNAN CORTEZ 1060,6,6911,6916,2087,18-262,San Alberto,MINA CLAVERO,18,262,,,MINA CLAVERO,"AV HERNAN CORTEZ 1060, MINA CLAVERO, Córdoba, Argentina","-31,7225768","-64,9965492","Av. Maestro Cortés, Mina Clavero, Córdoba, Argentina",Match,Google
IPEM N° 285-J G BROCHERO,LOS FUNDADORES S/N,6,6917,6922,2084,18-262,San Alberto,MINA CLAVERO,18,262,,,MINA CLAVERO,"LOS FUNDADORES S/N, MINA CLAVERO, Córdoba, Argentina","-31,736061","-64,997989","Camino a Cañada Larga 3600, X5889 Mina Clavero, Córdoba, Argentina",Match,Google
ESC.PROV.D.F.SARMIENTO,SARMIENTO 223,5,6927,6931,1535,18-263,San Alberto,NONO,18,263,,,NONO,"SARMIENTO 223, NONO, Córdoba, Argentina","-31,7963538","-65,001804","Sarmiento 223, Nono, Córdoba, Argentina",Match,Google
INST TRANSITO DE MARIA,IRINEO ALTAMIRANO 60,4,6892,6895,1345,18-261,San Alberto,BROCHERO,18,261,,,BROCHERO,"IRINEO ALTAMIRANO 60, BROCHERO, Córdoba, Argentina","-31,7032891","-65,0208514","Irineo Altamirano 323, Villa Cura Brochero, Córdoba, Argentina",Match,Google
ESC PROV JUAN MARTIN RECALDE,PUBLICA S/N,4,6896,6899,1151,18-261A,San Alberto,SAN LORENZO,18,261A,,,SAN LORENZO,"PUBLICA S/N, SAN LORENZO, Córdoba, Argentina","-31,669895","-65,01868","Campo Lihuen, Calle Pública S/n, X5893 San Lorenzo, Córdoba, Argentina",Match,Google
IPEM 135-DON JOSE F RECALDE,AV LOS PORTEÑOS    S/N,3,6932,6934,918,18-263,San Alberto,NONO,18,263,,,NONO,"AV LOS PORTEÑOS    S/N, NONO, Córdoba, Argentina","-31,7936962","-64,9979049","Av. los Porteños, Nono, Córdoba, Argentina",Match,Google
ESC.PROV.M.BELGRANO,RUTA NAC 14,3,6942,6944,766,18-263E,San Alberto,LAS RABONAS,18,263E,,,LAS RABONAS,"RUTA NAC 14, LAS RABONAS, Córdoba, Argentina","-31,869635","-64,980185","RP14, Las Rabonas, Córdoba, Argentina",Match,Google
ESC.PROV.M.A DE CARRANZA PREGO,CALLE PUBLICA S/N,2,6940,6941,564,18-263D,San Alberto,LAS CALLES,18,263D,,,LAS CALLES,"CALLE PUBLICA S/N, LAS CALLES, Córdoba, Argentina","-31,839202","-64,970849","Calle Publica y camino Real, X5885 Las Calles, Córdoba, Argentina",Match,Google
ESC TOMAS DE IRIARTE,CALLE PUBLICA S/N,1,6947,6947,251,18-264A,San Alberto,LOS ESPINILLOS,18,264A,,,LOS ESPINILLOS,"CALLE PUBLICA S/N, LOS ESPINILLOS, Córdoba, Argentina","-31,3585066","-64,1315576","Calle Publica S/N, Córdoba, Argentina",Match,Google
ESCUELA 20 DE JUNIO,PUBLICA S/N,1,6935,6935,131,18-263A,San Alberto,PAMPA DE ACHALA,18,263A,,,PAMPA DE ACHALA,"PUBLICA S/N, PAMPA DE ACHALA, Córdoba, Argentina","-31,682603","-64,837189","Pampa de Achala, Cordoba, Argentina",Match,Google
ESC PROV MARIO REMORINO,PUBLICA S/N,1,6976,6976,75,18-265B,San Alberto,LA CORTADERA,18,265B,,,LA CORTADERA,"PUBLICA S/N, LA CORTADERA, Córdoba, Argentina","-31,8022206","-64,9960791","Calle Publica s/n, X5887 Nono, Córdoba, Argentina",Match,Google
ESC.PROV.GUIDO SPANO,PUBLICA,1,6900,6900,45,18-261B,San Alberto,VILLA BENEGAS,18,261B,,,VILLA BENEGAS,"PUBLICA, VILLA BENEGAS, Córdoba, Argentina","-31,9715654","-65,1624076","98, RN148, X5870 Villa Dolores, Córdoba, Argentina",Match,Google
ESC PROV CEFERINO NAMUNCURA,PUBLICA S/N,1,6936,6936,23,18-263B,San Alberto,LOS CERROS,18,263B,,,LOS CERROS,"PUBLICA S/N, LOS CERROS, Córdoba, Argentina","-31,901232","-64,7766521","La Cumbrecita, Cordoba, Argentina",Match,Google
ESC.PROV.M.DE AZCUENAGA,PUBLICA,1,6873,6873,19,18-259,San Alberto,ALTAUTINA,18,259,,,ALTAUTINA,"PUBLICA, ALTAUTINA, Córdoba, Argentina","-31,435519","-64,185819","Bv. Enrique Barros S/N Cordoba Córdoba AR, X5000 HRV, Argentina",Match,Google
ESC LEONOR DE TEJEDA,AV PELLEGRINI 247,6,6799,6804,2056,17-248,Pte. Roque Sáenz Peña,LABOULAYE,17,248,,,LABOULAYE,"AV PELLEGRINI 247, LABOULAYE, Córdoba, Argentina","-34,1279294","-63,3963931","Av. Pellegrini 247, Laboulaye, Córdoba, Argentina",Match,Google
ESC.PROV.L.PASTEUR,25 MAYO S/N,4,6854,6857,1150,17-253,Pte. Roque Sáenz Peña,MELO,17,253,,,MELO,"25 MAYO S/N, MELO, Córdoba, Argentina","-34,3493919","-63,4447632","25 de Mayo, Melo, Córdoba, Argentina",Match,Google
ESCUELA N°105(JOSE RUBIROLA),DR LUIS ROSSI S/N,2,6871,6872,581,17-258,Pte. Roque Sáenz Peña,VILLA ROSSI,17,258,,,VILLA ROSSI,"DR LUIS ROSSI S/N, VILLA ROSSI, Córdoba, Argentina","-34,2974504","-63,2686288","Dr. Luis Rossi, Villa Rossi, Córdoba, Argentina",Match,Google
ESC.PROV.P.B.PALACIOS,CORRIENTES,2,6859,6860,546,17-255,Pte. Roque Sáenz Peña,ROSALES,17,255,,,ROSALES,"CORRIENTES, ROSALES, Córdoba, Argentina","-34,1736488","-63,1526084","Corrientes, Rosales, Córdoba, Argentina",Match,Google
ESC N°78-PINTOR JUAN M BLANES,NILDA BONETTO S/N,1,6838,6838,132,17-251,Pte. Roque Sáenz Peña,LEGUIZAMON,17,251,,,LEGUIZAMON,"NILDA BONETTO S/N, LEGUIZAMON, Córdoba, Argentina","-34,203335","-62,977676","Nilda Bonetto, Córdoba, Argentina",Match,Google
ESC RAUL SOULE(EX NAC N°241),JOSEFA GORLERO S/N,1,6858,6858,105,17-254,Pte. Roque Sáenz Peña,RIO BAMBA,17,254,,,RIO BAMBA,"JOSEFA GORLERO S/N, RIO BAMBA, Córdoba, Argentina","-34,0528258","-63,7324997","Josefa de Gorlero, Río Bamba, Córdoba, Argentina",Match,Google
IPEM 284 DOMINGO F SARMIENTO,SANTA TERESA 250,7,6509,6515,2205,16-230,Río Segundo,CALCHIN,16,230,,,CALCHIN,"SANTA TERESA 250, CALCHIN, Córdoba, Argentina","-31,6670896","-63,1999056","Santa Teresa, Calchín, Córdoba, Argentina",Match,Google
C.E.N.M.A. N° 161,SAN MARTIN ESQ ALEM,6,6678,6683,2078,16-243,Río Segundo,RIO SEGUNDO,16,243,,,RIO SEGUNDO,"SAN MARTIN ESQ ALEM, RIO SEGUNDO, Córdoba, Argentina","-31,650043","-63,9104096","Av. San Martín & Blvd. Leandro N. Alem, Río Segundo, Córdoba, Argentina",Match,Google
ESC PROV PTE JULIO ROCA,MARIANO MORENO 815,6,6520,6525,1737,16-232,Río Segundo,CARRILOBO,16,232,,,CARRILOBO,"MARIANO MORENO 815, CARRILOBO, Córdoba, Argentina","-31,874558","-63,1155055","Mariano Moreno 815, Carrilobo, Córdoba, Argentina",Match,Google
INST GRAL JOSE MARIA PAZ,BV RIO CUARTO 599,5,6549,6553,1677,16-235,Río Segundo,LAGUNA LARGA,16,235,,,LAGUNA LARGA,"BV RIO CUARTO 599, LAGUNA LARGA, Córdoba, Argentina","-31,7772728","-63,7994367","Río Cuarto 599, X5974 Laguna Larga, Córdoba, Argentina",Match,Google
ESC LIB GRAL SAN MARTIN,25 DE MAYO 160,4,6530,6533,1376,16-234,Río Segundo,COSTA SACATE,16,234,,,COSTA SACATE,"25 DE MAYO 160, COSTA SACATE, Córdoba, Argentina","-31,6452225","-63,7589601","25 de Mayo, Costa Sacate, Córdoba, Argentina",Match,Google
ESC RAFAEL SANCHEZ ES ESC 57,ENTRE RIOS 111,3,6577,6579,986,16-237A,Río Segundo,MANFREDI,16,237A,,,MANFREDI,"ENTRE RIOS 111, MANFREDI, Córdoba, Argentina","-31,8468244","-63,7457258","Entre Ríos, Manfredi, Córdoba, Argentina",Match,Google
ESC.PROV.D.F.SARMIENTO,PUBLICA,1,6559,6559,53,16-236A,Río Segundo,COLONIA VIDELA,16,236A,,,COLONIA VIDELA,"PUBLICA, COLONIA VIDELA, Córdoba, Argentina","-31,5535535","-63,5405613","Obispo Ferreyra 413, Villa del Rosario, Córdoba, Argentina",Match,Google
ESC MARIANO MORENO,CAÑADA DE MACHADO SUD,1,6677,6677,6,16-242A,Río Segundo,CAÑADA DE MACHADO SUD,16,242A,,,CAÑADA DE MACHADO SUD,"CAÑADA DE MACHADO SUD, CAÑADA DE MACHADO SUD, Córdoba, Argentina","-31,4292528","-63,5871599","Cañada de Machado, Córdoba, Argentina",Match,Google
ESC PROV GUILLERMO BROWN,PUBLICA S/N,2,6478,6479,454,15-227A,Río Seco,RINCONADA,15,227A,,,RINCONADA,"PUBLICA S/N, RINCONADA, Córdoba, Argentina","-31,4632889","-64,2643069","Pública A Sur, Córdoba, Argentina",Match,Google
ESC.PROV.D.F.SARMIENTO,DOMINGO FAUSTINO SARMIENTO S/N,2,6473,6474,406,15-226A,Río Seco,PUESTO DE CASTRO,15,226A,,,PUESTO DE CASTRO,"DOMINGO FAUSTINO SARMIENTO S/N, PUESTO DE CASTRO, Córdoba, Argentina","-31,4299763","-64,1804649","Sarmiento Park, Sarmiento s/n, X5000 Córdoba, Argentina",Match,Google
ESC PROV GENERAL PAZ,PUBLICA S/N,1,6470,6470,77,15-225A,Río Seco,LA CAÑADA,15,225A,,,LA CAÑADA,"PUBLICA S/N, LA CAÑADA, Córdoba, Argentina","-31,4394412","-64,1893433","1 s/n Pabellón Argentina X5000GYA, Av. Haya de la Torre, Córdoba, Argentina",Match,Google
ESC PROV PRIMERA JUNTA,CALLE PUBLICA S/N,1,6466,6466,45,15-224,Río Seco,ENCRUCIJADA,15,224,,,ENCRUCIJADA,"CALLE PUBLICA S/N, ENCRUCIJADA, Córdoba, Argentina","-31,4632889","-64,2643069","Pública A Sur, Córdoba, Argentina",Match,Google
ESC PROV FRAY MAMERTO ESQUIU,SAN LORENZO 698,7,6354,6360,2118,14-205,Río Primero,LA PUERTA,14,205,,,LA PUERTA,"SAN LORENZO 698, LA PUERTA, Córdoba, Argentina","-30,8899621","-63,2533386","San Lorenzo, La Puerta, Córdoba, Argentina",Match,Google
ESCUELA 25 DE MAYO,LUIS F TAGLE 215,6,6390,6395,2050,14-211,Río Primero,MONTE CRISTO,14,211,,,MONTE CRISTO,"LUIS F TAGLE 215, MONTE CRISTO, Córdoba, Argentina","-31,3423511","-63,9478808","Luis Tagle 215, X5125 Monte Cristo, Córdoba, Argentina",Match,Google
ESC MARIANO FRAGUEIRO,MARIANO FRAGUEIRO 385,5,6343,6347,1713,14-204,Río Primero,LA PARA,14,204,,,LA PARA,"MARIANO FRAGUEIRO 385, LA PARA, Córdoba, Argentina","-30,8911991","-63,0035727","M Fragueiro 385, la Para, Cordoba, Argentina",Match,Google
IPEM N° 164 ATALIVA HERRERA,AV CONTARDO FERRINI 365,5,6431,6435,1679,14-218,Río Primero,RIO PRIMERO,14,218,,,RIO PRIMERO,"AV CONTARDO FERRINI 365, RIO PRIMERO, Córdoba, Argentina","-31,3299448","-63,616677","Contardo Ferrini 365, Río Primero, Córdoba, Argentina",Match,Google
ESC M.C.CALDECOT DE ARGUELLO,FIGUEROA ALCORTA S/N,2,6336,6337,513,14-200,Río Primero,DIEGO DE ROJAS,14,200,,,DIEGO DE ROJAS,"FIGUEROA ALCORTA S/N, DIEGO DE ROJAS, Córdoba, Argentina","-31,0278916","-63,3399948","Figueroa Alcorta, Diego de Rojas, Córdoba, Argentina",Match,Google
ESC PROV JOSE MANUEL ESTRADA,MALVINAS ARGENTINAS S/N,1,6340,6340,342,14-202,Río Primero,ESQUINA,14,202,,,ESQUINA,"MALVINAS ARGENTINAS S/N, ESQUINA, Córdoba, Argentina","-31,3791924","-64,0539474","Malvinas Argentinas, Cordoba, Argentina",Match,Google
ESC DALMIRA MURO(EX DEL CHACO),LAS SALADAS,1,6362,6362,260,14-207,Río Primero,LAS SALADAS,14,207,,,LAS SALADAS,"LAS SALADAS, LAS SALADAS, Córdoba, Argentina","-30,7589238","-63,2047043","Las Saladas, Córdoba, Argentina",Match,Google
ESC.PROV.J.DE SAN MARTIN,PUBLICA S/N,1,6328,6328,177,14-195,Río Primero,ATAHONA,14,195,,,ATAHONA,"PUBLICA S/N, ATAHONA, Córdoba, Argentina","-31,4632889","-64,2643069","Pública A Sur, Córdoba, Argentina",Match,Google
ESC.PROV.J.M.PAZ,PUBLICA,1,6396,6396,127,14-212,Río Primero,MONTE DEL ROSARIO,14,212,,,MONTE DEL ROSARIO,"PUBLICA, MONTE DEL ROSARIO, Córdoba, Argentina","-31,5535535","-63,5405613","Obispo Ferreyra 413, Villa del Rosario, Córdoba, Argentina",Match,Google
ESC JOSE MARIA PAZ,LAS CUATRO ESQUINAS,1,6338,6338,126,14-201,Río Primero,COLONIA LAS CUATRO ESQUINAS,14,201,,,COLONIA LAS CUATRO ESQUINAS,"LAS CUATRO ESQUINAS, COLONIA LAS CUATRO ESQUINAS, Córdoba, Argentina","-31,2079948","-63,223266","Col. las Cuatro Esquinas, Córdoba, Argentina",Match,Google
ESC PROV R SAENZ PEÑA,EL ALCALDE,1,6459,6459,109,14-221,Río Primero,EL ALCALDE,14,221,,,EL ALCALDE,"EL ALCALDE, EL ALCALDE, Córdoba, Argentina","-31,1148748","-63,6013912","Nte.,, Tala Nte., Córdoba, Argentina",Match,Google
ESC.PROV.1ER.GOBIERNO PATRIO,CALLE PUBLICA S/N,1,6414,6414,82,14-217,Río Primero,QUEBRACHO,14,217,,,QUEBRACHO,"CALLE PUBLICA S/N, QUEBRACHO, Córdoba, Argentina","-31,4632889","-64,2643069","Pública A Sur, Córdoba, Argentina",Match,Google
ES RAUL AUGUSTO PEDERNERA-411,LA CAÑADA,1,6361,6361,55,14-206,Río Primero,LAS HERAS,14,206,,,LAS HERAS,"LA CAÑADA, LAS HERAS, Córdoba, Argentina","-31,4047545","-64,1833351","Blvd. Las Heras 234, X5022 Córdoba, Argentina",Match,Google
ESC.PROV.GRAL SAN MARTIN,PUBLICA,1,6413,6413,36,14-216,Río Primero,PUNTA DEL AGUA,14,216,,,PUNTA DEL AGUA,"PUBLICA, PUNTA DEL AGUA, Córdoba, Argentina","-32,3841431","-63,2596019","Arturo Jauretche 1555, X5900 Villa María, Córdoba, Argentina",Match,Google
ESC.NORMAL COMERCIAL,BAIGORRIA 463,27,6222,6248,9346,13-188,Río Cuarto,RIO CUARTO,13,188,,,RIO CUARTO,"BAIGORRIA 463, RIO CUARTO, Córdoba, Argentina","-33,1227228","-64,3431382","Baigorria 463, X5800CQI Río Cuarto, Córdoba, Argentina",Match,Google
ESC JOSE DE SAN MARTIN,BELGRANO 121,6,6315,6320,2046,13-191,Río Cuarto,SAN BASILIO,13,191,,,SAN BASILIO,"BELGRANO 121, SAN BASILIO, Córdoba, Argentina","-33,4976805","-64,3116439","Manuel Belgrano, San Basilio, Córdoba, Argentina",Match,Google
ESC PROV JOSE DE SAN MARTIN,SAN MARTIN S/N,3,5894,5896,804,13-174,Río Cuarto,LA CAUTIVA,13,174,,,LA CAUTIVA,"SAN MARTIN S/N, LA CAUTIVA, Córdoba, Argentina","-31,9237982","-64,577988","Av. San Martín s/n, Los Reartes, Córdoba, Argentina",Match,Google
ESCUELA-JUAN B ALBERDI,CALLE 3,2,6326,6327,576,13-194,Río Cuarto,WASHINGTON,13,194,,,WASHINGTON,"CALLE 3, WASHINGTON, Córdoba, Argentina","-33,8720719","-64,6902028","Calle 3, Washington, Córdoba, Argentina",Match,Google
ESC R ESCALADA DE SAN MARTIN,SUCO,2,6322,6323,464,13-192,Río Cuarto,SUCO,13,192,,,SUCO,"SUCO, SUCO, Córdoba, Argentina","-33,4407592","-64,8310838","Suco, Córdoba, Argentina",Match,Google
ESC SUBTTE RODOLFO H BERDINA,AV SAN MARTIN S/N,2,5864,5865,439,13-169,Río Cuarto,CHUCUL,13,169,,,CHUCUL,"AV SAN MARTIN S/N, CHUCUL, Córdoba, Argentina","-31,9237982","-64,577988","Av. San Martín s/n, Los Reartes, Córdoba, Argentina",Match,Google
ESC.PROV.R.E.DE SAN MARTIN,REMEDIOS ESCALADA DE SAN MARTIN,1,6321,6321,329,13-191A,Río Cuarto,MALENA,13,191A,,,MALENA,"REMEDIOS ESCALADA DE SAN MARTIN, MALENA, Córdoba, Argentina","-33,6803328","-65,4644515","49,, Córdoba 1, Villa Mercedes, San Luis, Argentina",Match,Google
ESC PROV DOMINGO F SARMIENTO,PUBLICA S/N,1,5705,5705,259,13-160A,Río Cuarto,LA CAROLINA,13,160A,,,LA CAROLINA,"PUBLICA S/N, LA CAROLINA, Córdoba, Argentina","-31,4394412","-64,1893433","1 s/n Pabellón Argentina X5000GYA, Av. Haya de la Torre, Córdoba, Argentina",Match,Google
ESC ANTONIO SOBRAL,PUBLICA S/N,1,5933,5933,172,13-181,Río Cuarto,LOS CUATRO VIENTOS,13,181,,,LOS CUATRO VIENTOS,"PUBLICA S/N, LOS CUATRO VIENTOS, Córdoba, Argentina","-32,035054","-65,034846","Camino de la Costa s/n, X5877 Yacanto, Córdoba, Argentina",Match,Google
ESC.SAN JUAN BOSCO,PUBLICA,1,6310,6310,129,13-190,Río Cuarto,SAN AMBROSIO,13,190,,,SAN AMBROSIO,"PUBLICA, SAN AMBROSIO, Córdoba, Argentina","-33,1106051","-64,2998686","Ruta Nac. 36 - Km. 601, X5804BYA Río Cuarto, Córdoba, Argentina",Match,Google
ESC CAP DE NAV S ALBARRACIN,PUEYRREDON,1,6068,6068,117,13-187,Río Cuarto,PUEYRREDON,13,187,,,PUEYRREDON,"PUEYRREDON, PUEYRREDON, Córdoba, Argentina","-31,4225424","-64,2045225","Av. Pueyrredón, Córdoba, Argentina",Match,Google
ESC R ESCALADA DE SAN MARTIN,CALLE PUBLICA S/N,1,5898,5898,71,13-176,Río Cuarto,LA INVERNADA,13,176,,,LA INVERNADA,"CALLE PUBLICA S/N, LA INVERNADA, Córdoba, Argentina","-31,0283408","-64,4712426","Camino de los Artesanos, Villa Giardino, X5176 Villa Giardino, Córdoba, Argentina",Match,Google
ESC JOSE DE SAN MARTIN,CALLE PUBLICA,1,5893,5893,8,13-173,Río Cuarto,LA ARGENTINA,13,173,,,LA ARGENTINA,"CALLE PUBLICA, LA ARGENTINA, Córdoba, Argentina","-31,4621126","-64,1571841","Jacobo Feldman, Córdoba, Argentina",Match,Google
ESCUELA-JUAN B ALBERDI,#N/A,1,5991,5991,5,13-185,Río Cuarto,PAUNERO,13,185,,,PAUNERO,#N/A,"-38,416097","-63,616672",Argentina,Match,Google
ESC JOSE A ALVAREZ CONDARCO,IGUALDAD 199 B°SAN IGNACIO,6,5573,5578,2084,12-156,Punilla,VILLA CARLOS PAZ,12,156,,,VILLA CARLOS PAZ,"IGUALDAD 199 B°SAN IGNACIO, VILLA CARLOS PAZ, Córdoba, Argentina","-31,4465634","-64,5089259","Igualdad 199, Villa Carlos Paz, Córdoba, Argentina",Match,Google
COLEGIO SAN ROQUE,LAVALLE VILLA BUSTOS 2730,6,5618,5623,2033,12-157,Punilla,SANTA MARIA,12,157,,,SANTA MARIA,"LAVALLE VILLA BUSTOS 2730, SANTA MARIA, Córdoba, Argentina","-31,2669113","-64,4666405","Lavalle 2730, Santa María de Punilla, Córdoba, Argentina",Match,Google
INST SERVILIANO DIAZ,SAN MARTIN 675,6,5198,5203,1986,12-147,Punilla,BIALET MASSE,12,147,,,BIALET MASSE,"SAN MARTIN 675, BIALET MASSE, Córdoba, Argentina","-31,3111793","-64,4604707","San Martín 675, Córdoba, Argentina",Match,Google
INST NTA SRA DEL ROSARIO,9 DE JULIO 359,5,5204,5208,1660,12-147,Punilla,BIALET MASSE,12,147,,,BIALET MASSE,"9 DE JULIO 359, BIALET MASSE, Córdoba, Argentina","-31,3128505","-64,4547492","9 de Julio 359, Córdoba, Argentina",Match,Google
COL JUANA MICONO DE GIARDIN,AV SAN MARTIN 762,5,5356,5360,1636,12-152A,Punilla,VILLA GIARDINO,12,152A,,,VILLA GIARDINO,"AV SAN MARTIN 762, VILLA GIARDINO, Córdoba, Argentina","-31,0496189","-64,4924355","Av. San Martín 762, Villa Giardino, Córdoba, Argentina",Match,Google
EDIFICIO COMUNAL,MAYU SUMAJ,4,5599,5602,1316,12-156C,Punilla,MAYU SUMAJ,12,156C,,,MAYU SUMAJ,"MAYU SUMAJ, MAYU SUMAJ, Córdoba, Argentina","-31,465565","-64,538652","Los Aromos 250, X5153 San Antonio de Arredondo, Córdoba, Argentina",Match,Google
IPEA 343,LAS ACACIAS S/N,3,5426,5428,1048,12-155A,Punilla,LOS COCOS,12,155A,,,LOS COCOS,"LAS ACACIAS S/N, LOS COCOS, Córdoba, Argentina","-30,9225462","-64,5020741","Las Acacias, Los Cocos, Córdoba, Argentina",Match,Google
JARDIN COSME ARGERICH,SAN MARTIN S/N,3,5668,5670,902,12-158B,Punilla,ESTANCIA VIEJA,12,158B,,,ESTANCIA VIEJA,"SAN MARTIN S/N, ESTANCIA VIEJA, Córdoba, Argentina","-31,43684","-64,227818","Lagunilla 2936 Local 1, Rosedal, X5011EJR Córdoba, Argentina",Match,Google
ESC INES MOYANO DE MOLINA,MANUEL MUJICA LAINEZ S/N,3,5423,5425,821,12-155,Punilla,SAN ESTEBAN,12,155,,,SAN ESTEBAN,"MANUEL MUJICA LAINEZ S/N, SAN ESTEBAN, Córdoba, Argentina","-30,9629226","-64,482797","Camino Cruz Chica, X5178 La Cumbre, Córdoba, Argentina",Match,Google
ESC GRAL JOSE DE SAN MARTIN,RUTA NACIONAL N°38,3,5261,5263,794,12-149,Punilla,CASA GRANDE,12,149,,,CASA GRANDE,"RUTA NACIONAL N°38, CASA GRANDE, Córdoba, Argentina","-31,1677804","-64,475919","RN38, Córdoba, Argentina",Match,Google
ESC P ALBARRACIN DE SARMIENTO,PUBLICA S/N,3,5323,5325,734,12-151,Punilla,CHARBONIER,12,151,,,CHARBONIER,"PUBLICA S/N, CHARBONIER, Córdoba, Argentina","-31,4632889","-64,2643069","Pública A Sur, Córdoba, Argentina",Match,Google
ESC.PROV.D. FRENCH,EL CHAÑAR 69,2,5664,5665,635,12-158A,Punilla,CABALANGO,12,158A,,,CABALANGO,"EL CHAÑAR 69, CABALANGO, Córdoba, Argentina","-31,3883533","-64,5587092","El Chañar, Cabalango, Córdoba, Argentina",Match,Google
ESC PROV COSME ARGERICH,CALLE SAN MARTIN S/N,2,5666,5667,603,12-158B,Punilla,ESTANCIA VIEJA,12,158B,,,ESTANCIA VIEJA,"CALLE SAN MARTIN S/N, ESTANCIA VIEJA, Córdoba, Argentina","-31,43684","-64,227818","Lagunilla 2936 Local 1, Rosedal, X5011EJR Córdoba, Argentina",Match,Google
LOCAL COMUNAL,CUESTA BLANCA,2,5597,5598,506,12-156B,Punilla,CUESTA BLANCA,12,156B,,,CUESTA BLANCA,"CUESTA BLANCA, CUESTA BLANCA, Córdoba, Argentina","-31,4820188","-64,5693176","Cuesta Blanca, Cordoba, Argentina",Match,Google
EDIFICIO COMUNAL,TALA HUASI,1,5617,5617,261,12-156E,Punilla,TALA HUASI,12,156E,,,TALA HUASI,"TALA HUASI, TALA HUASI, Córdoba, Argentina","-31,3853829","-64,2063733","Ayampitin, Tala Huasi, Icho Cruz, Sierras de Córdoba 39, Córdoba, Argentina",Match,Google
ESC PROV MARIANO MORENO,PUBLICA S/N,3,5181,5183,1029,11-144,Pocho,CHANCANI,11,144,,,CHANCANI,"PUBLICA S/N, CHANCANI, Córdoba, Argentina","-31,4632889","-64,2643069","Pública A Sur, Córdoba, Argentina",Match,Google
ESCUELA N°157,LAS PALMAS,1,5188,5188,260,11-145A,Pocho,LAS PALMAS,11,145A,,,LAS PALMAS,"LAS PALMAS, LAS PALMAS, Córdoba, Argentina","-31,4052779","-64,2383316","Juan García Martínez 323, Las Palmas, X5002HUD Córdoba, Argentina",Match,Google
ESC.PROV. E.ECHEVERRIA,CALLE PUBLICA  S/N,1,5196,5196,237,11-146B,Pocho,SAN JERONIMO,11,146B,,,SAN JERONIMO,"CALLE PUBLICA  S/N, SAN JERONIMO, Córdoba, Argentina","-31,357108","-64,919453","Calle Publica s/n, Localidad de San Gerónimo, Departamento Pocho Sobre ruta Provincial 28., X5297 Rural, Córdoba, Argentina",Match,Google
ESC.PROV.L.LUGONES,PUBLICA,1,5184,5184,88,11-144A,Pocho,LAS JARILLAS,11,144A,,,LAS JARILLAS,"PUBLICA, LAS JARILLAS, Córdoba, Argentina","-32,0242569","-65,0144834","Calle publica sin numero, X5875 San Javier, Córdoba, Argentina",Match,Google
ESC R ESCALADA DE SAN MARTIN,EL MEDANITO,1,5185,5185,61,11-144B,Pocho,EL MEDANITO,11,144B,,,EL MEDANITO,"EL MEDANITO, EL MEDANITO, Córdoba, Argentina","-31,5787196","-65,5382953","Los Medanitos, Córdoba, Argentina",Match,Google
ESC PROV COMTE ROSENDO LEAL,CESAR MANUEL VERA S/N,3,5158,5160,887,10-138,Minas,CIENAGA DEL CORO,10,138,,,CIENAGA DEL CORO,"CESAR MANUEL VERA S/N, CIENAGA DEL CORO, Córdoba, Argentina","-31,0372043","-65,2774321","Maestro Cesar Manuel Vera, Córdoba, Argentina",Match,Google
LOCAL COMUNAL,,1,5166,5166,299,10-139,Minas,GUASAPAMPA,10,139,,,GUASAPAMPA,", GUASAPAMPA, Córdoba, Argentina","-31,0750998","-65,3461754","Guasapampa, Córdoba, Argentina",Match,Google
ESC PROV GRAJ J DE SAN MARTIN,PUBLICA S/N,1,5168,5168,245,10-139B,Minas,LA PLAYA,10,139B,,,LA PLAYA,"PUBLICA S/N, LA PLAYA, Córdoba, Argentina","-31,4386409","-64,1888849","Pabellón Argentina 2° piso, Haya de la Torre s/n, Ciudad Universitaria,, Córdoba, Argentina",Match,Google
ESC.PROV.MONS.R. LEAL,PUBLICA,1,5165,5165,191,10-138D,Minas,TOSNO,10,138D,,,TOSNO,"PUBLICA, TOSNO, Córdoba, Argentina","-31,435519","-64,185819","Bv. Enrique Barros S/N Cordoba Córdoba AR, X5000 HRV, Argentina",Match,Google
ESC PROV GREGORIA PEREZ,PUBLICA S/N,1,5169,5169,170,10-140,Minas,LA ARGENTINA,10,140,,,LA ARGENTINA,"PUBLICA S/N, LA ARGENTINA, Córdoba, Argentina","-31,4632889","-64,2643069","Pública A Sur, Córdoba, Argentina",Match,Google
ESC.PROV.J.J.CASTELLI.,PUBLICA,1,5180,5180,147,10-142A,Minas,TALAINI,10,142A,,,TALAINI,"PUBLICA, TALAINI, Córdoba, Argentina","-30,4268821","-64,3530604","Rivadavia 373, X5200 Dean Funes, Córdoba, Argentina",Match,Google
ESC.PROV.FRAY M.ESQUIU,PUBLICA,1,5162,5162,100,10-138B,Minas,RUMIHUASI,10,138B,,,RUMIHUASI,"PUBLICA, RUMIHUASI, Córdoba, Argentina","-31,7974572","-65,0041468","Vicente Castro, Nono, Córdoba, Argentina",Match,Google
ESC.PROV.R.VERA PEÑALOZA,AGUA DE RAMON,1,5167,5167,87,10-139A,Minas,AGUA DE RAMON,10,139A,,,AGUA DE RAMON,"AGUA DE RAMON, AGUA DE RAMON, Córdoba, Argentina","-31,3099308","-64,2952154","Aguas de Ramón, Córdoba, Argentina",Match,Google
ESC PRIMARIA JORGE LUIS BORGES,PIEDRITA BLANCA,1,5171,5171,60,10-141,Minas,PIEDRITA BLANCA,10,141,,,PIEDRITA BLANCA,"PIEDRITA BLANCA, PIEDRITA BLANCA, Córdoba, Argentina","-30,8067189","-65,4304662","Piedrita Blanca, Córdoba, Argentina",Match,Google
ESC MIGUEL DE AZCUENAGA,RUMIACO,1,5161,5161,23,10-138A,Minas,RUMIACO,10,138A,,,RUMIACO,"RUMIACO, RUMIACO, Córdoba, Argentina","-30,9053173","-65,2663015","Rumiaco, Córdoba, Argentina",Match,Google
ESC DALMACIO VELEZ SARSFIELD,AV CORDOBA 324,6,4994,4999,2046,9-127,Marcos Juárez,GUATIMOZIN,9,127,,,GUATIMOZIN,"AV CORDOBA 324, GUATIMOZIN, Córdoba, Argentina","-33,4646671","-62,4390405","Av. Córdoba, Guatimozin, Córdoba, Argentina",Match,Google
COLEGIO JUAN XXIII,SANTA FE 964,6,4965,4970,2038,9-125,Marcos Juárez,CORRAL DE BUSTOS,9,125,,,CORRAL DE BUSTOS,"SANTA FE 964, CORRAL DE BUSTOS, Córdoba, Argentina","-33,2829064","-62,1907398","Av. Sta. Fe 964, Corral de Bustos, Córdoba, Argentina",Match,Google
ESC R ESCALADA DE SAN MARTIN,ENTRE RIOS 313,6,4959,4964,2029,9-125,Marcos Juárez,CORRAL DE BUSTOS,9,125,,,CORRAL DE BUSTOS,"ENTRE RIOS 313, CORRAL DE BUSTOS, Córdoba, Argentina","-33,2850731","-62,1848989","Entre Ríos 313, Corral de Bustos, Córdoba, Argentina",Match,Google
ESC MANUEL BELGRANO,9 DE JULIO 351,6,5137,5142,1985,9-134,Marcos Juárez,MONTE BUEY,9,134,,,MONTE BUEY,"9 DE JULIO 351, MONTE BUEY, Córdoba, Argentina","-32,9200933","-62,4563097","9 de Julio 351, Monte Buey, Córdoba, Argentina",Match,Google
INSTITUTO MARIA INMACULADA,HIPOLITO YRIGOYEN 650,5,5124,5128,1740,9-133,Marcos Juárez,MARCOS JUAREZ,9,133,,,MARCOS JUAREZ,"HIPOLITO YRIGOYEN 650, MARCOS JUAREZ, Córdoba, Argentina","-32,6951838","-62,1002713","Blvd. H. Yrigoyen 650, X2580CZN Marcos Juárez, Córdoba, Argentina",Match,Google
ESC MARIANO MORENO,LIBERTAD 725,5,5005,5009,1719,9-128,Marcos Juárez,INRIVILLE,9,128,,,INRIVILLE,"LIBERTAD 725, INRIVILLE, Córdoba, Argentina","-32,9450435","-62,2307069","Libertad 725, Inriville, Córdoba, Argentina",Match,Google
ESC NOR SUP MAESTROS ARGENTINO,25 DE MAYO 747,5,4971,4975,1685,9-125,Marcos Juárez,CORRAL DE BUSTOS,9,125,,,CORRAL DE BUSTOS,"25 DE MAYO 747, CORRAL DE BUSTOS, Córdoba, Argentina","-33,2868295","-62,1873148","25 de Mayo, Corral de Bustos, Córdoba, Argentina",Match,Google
ESC JUAN BAUTISTA ALBERDI,SAN MARTIN 650,5,4941,4945,1679,9-123,Marcos Juárez,CAMILO ALDAO,9,123,,,CAMILO ALDAO,"SAN MARTIN 650, CAMILO ALDAO, Córdoba, Argentina","-33,1269075","-62,0985581","Bv. San Martín, Camilo Aldao, Córdoba, Argentina",Match,Google
ESC LIB GRAL SAN MARTIN,RIVADAVIA 1252,4,4990,4993,1377,9-126,Marcos Juárez,CRUZ ALTA,9,126,,,CRUZ ALTA,"RIVADAVIA 1252, CRUZ ALTA, Córdoba, Argentina","-33,0071617","-61,7975057","Rivadavia, Cruz Alta, Córdoba, Argentina",Match,Google
INSTITUTO SEC. V.SARSFIELD,HIPILITO YRIGOYEN 757,4,4897,4900,1265,9-119,Marcos Juárez,ALEJO LEDESMA,9,119,,,ALEJO LEDESMA,"HIPILITO YRIGOYEN 757, ALEJO LEDESMA, Córdoba, Argentina","-33,6059887","-62,6266961","Hipólito Yrigoyen 412, Alejo Ledesma, Córdoba, Argentina",Match,Google
INST.SEC.GRAL J.M.PAZ,MARIANO MORENO 480,3,5143,5145,990,9-134,Marcos Juárez,MONTE BUEY,9,134,,,MONTE BUEY,"MARIANO MORENO 480, MONTE BUEY, Córdoba, Argentina","-32,9196529","-62,453841","Mariano Moreno 480, Monte Buey, Córdoba, Argentina",Match,Google
INSTITUTO MANUEL BELGRANO,SAN MARTIN 629,3,5155,5157,774,9-137,Marcos Juárez,SAIRA,9,137,,,SAIRA,"SAN MARTIN 629, SAIRA, Córdoba, Argentina","-32,408866","-62,100912","San Martín 629, Saira, Córdoba, Argentina",Match,Google
ESC PROV DOMINGO F SARMIENTO,PUBLICA S/N,2,4932,4933,376,9-122,Marcos Juárez,BARGE,9,122,,,BARGE,"PUBLICA S/N, BARGE, Córdoba, Argentina","-31,4632889","-64,2643069","Pública A Sur, Córdoba, Argentina",Match,Google
INST. G.L.DE CABRERA,CABRERA,9,4755,4763,3073,8-106,Juárez Celman,CABRERA,8,106,,,CABRERA,"CABRERA, CABRERA, Córdoba, Argentina","-32,8109998","-63,8707607","General Cabrera, Cordoba, Argentina",Match,Google
INSTITUTO DR.M. BELGRANO,AV PERON 519,7,4875,4881,2149,8-117,Juárez Celman,SANTA EUFEMIA,8,117,,,SANTA EUFEMIA,"AV PERON 519, SANTA EUFEMIA, Córdoba, Argentina","-33,1773906","-63,2817808","Avenida Presidente Perón, Santa Eufemia, Córdoba, Argentina",Match,Google
INSTITUTO SEC. 25 DE MAYO,SAN MARTIN 136,6,4802,4807,2037,8-109,Juárez Celman,DEHEZA,8,109,,,DEHEZA,"SAN MARTIN 136, DEHEZA, Córdoba, Argentina","-32,7552424","-63,7894857","Bv. San Martín 136, X5923 Gral. Deheza, Córdoba, Argentina",Match,Google
INST.TEC.ADRIAN P. URQUIA,BV ALMIRANTE BROWN 217,6,4819,4824,2034,8-109,Juárez Celman,DEHEZA,8,109,,,DEHEZA,"BV ALMIRANTE BROWN 217, DEHEZA, Córdoba, Argentina","-32,7604484","-63,7876962","Bv. Almte Brown, Gral. Deheza, Córdoba, Argentina",Match,Google
ESC.TTE. 1°M.C.ASUA,PASTORA V DE AGUIRRE 13,6,4786,4791,1953,8-107,Juárez Celman,CARNERILLO,8,107,,,CARNERILLO,"PASTORA V DE AGUIRRE 13, CARNERILLO, Córdoba, Argentina","-32,915714","-64,0240223","Pastora V. de Aguirre, Carnerillo, Córdoba, Argentina",Match,Google
ESC.CAP. F.D.ZARCO,MANUEL DE LA LASTRA 623,5,4869,4873,1526,8-116,Juárez Celman,REDUCCION,8,116,,,REDUCCION,"MANUEL DE LA LASTRA 623, REDUCCION, Córdoba, Argentina","-33,1983411","-63,8613206","Manuel de la Lastra, Reduccion, Córdoba, Argentina",Match,Google
ESC.PROV.MARTIN DE ALVA,PASO DEL DURAZNO,1,4874,4874,136,8-116A,Juárez Celman,PASO DEL DURAZNO,8,116A,,,PASO DEL DURAZNO,"PASO DEL DURAZNO, PASO DEL DURAZNO, Córdoba, Argentina","-33,169747","-64,0479903","RN8, Córdoba, Argentina",Match,Google
ESC.PROV.D.F.SARMIENTO,PUBLICA S/N,1,4751,4751,93,8-103,Juárez Celman,ASSUNTA,8,103,,,ASSUNTA,"PUBLICA S/N, ASSUNTA, Córdoba, Argentina","-31,4632889","-64,2643069","Pública A Sur, Córdoba, Argentina",Match,Google
ESC.PROV.M.BELGRANO,25 DE MAYO 321,5,4725,4729,1638,7-99,Ischilín,QUILINO ESTACION,7,99,,,QUILINO ESTACION,"25 DE MAYO 321, QUILINO ESTACION, Córdoba, Argentina","-31,4227809","-64,1756004","Terminal De Cordoba, Bv. Juan Domingo Perón 380, X5000ATO Córdoba, Argentina",Match,Google
ESC.PROV.D.V.SARSFIELD,VELEZ SARSFIELD,4,4730,4733,1173,7-100,Ischilín,QUILINO VILLA,7,100,,,QUILINO VILLA,"VELEZ SARSFIELD, QUILINO VILLA, Córdoba, Argentina","-30,2150912","-64,5003039","Avenida Argentina 226, Quilino, Córdoba, Argentina",Match,Google
ESC PROV GRAL M GUEMES,PUBLICA S/N,2,4655,4656,585,7-94,Ischilín,CHUÑA,7,94,,,CHUÑA,"PUBLICA S/N, CHUÑA, Córdoba, Argentina","-31,4632889","-64,2643069","Pública A Sur, Córdoba, Argentina",Match,Google
ESC.PROV.FRAY M. ESQUIU,PUBLICA S/N,2,4646,4647,498,7-91,Ischilín,AVELLANEDA,7,91,,,AVELLANEDA,"PUBLICA S/N, AVELLANEDA, Córdoba, Argentina","-31,4704707","-64,1692091","&, Av. de Circunvalación Agustín Tosco, Córdoba, Argentina",Match,Google
ESC.PROV.H.VIEYTES,PUBLICA,2,4651,4652,393,7-92,Ischilín,CAÑADA DE RIO PINTO,7,92,,,CAÑADA DE RIO PINTO,"PUBLICA, CAÑADA DE RIO PINTO, Córdoba, Argentina","-30,4268821","-64,3530604","Rivadavia 373, X5200 Dean Funes, Córdoba, Argentina",Match,Google
ESC JUAN M DE PUEYRREDON,PUBLICA S/N,2,4653,4654,376,7-93,Ischilín,COPACABANA,7,93,,,COPACABANA,"PUBLICA S/N, COPACABANA, Córdoba, Argentina","-31,4632889","-64,2643069","Pública A Sur, Córdoba, Argentina",Match,Google
"ESC,PROV.M.MARTINEZ DE SUAREZ",PUBLICA,1,4650,4650,316,7-91C,Ischilín,VILLA GUTIERREZ,7,91C,,,VILLA GUTIERREZ,"PUBLICA, VILLA GUTIERREZ, Córdoba, Argentina","-30,4268821","-64,3530604","Rivadavia 373, X5200 Dean Funes, Córdoba, Argentina",Match,Google
ESC PROV JOAQUIN V GONZALEZ,PUBLICA S/N,1,4734,4734,89,7-101,Ischilín,TOYOS,7,101,,,TOYOS,"PUBLICA S/N, TOYOS, Córdoba, Argentina","-31,4632889","-64,2643069","Pública A Sur, Córdoba, Argentina",Match,Google
IPEM 360-PROF E TOLEDO,"DEFENSA Y CACHEUTA,",6,1577,1582,2092,1-10L,Capital,VILLA EL LIBERTADOR,1,10L,,,Córdoba,"DEFENSA Y CACHEUTA,, Córdoba, Córdoba, Argentina","-31,4687684","-64,2178552","Cacheuta & Defensa, Córdoba, Argentina",Match,Google
COL SAN JOSE OBRERO,ARANI Y PJE. 17,6,1620,1625,2090,1-10L,Capital,VILLA EL LIBERTADOR,1,10L,,,Córdoba,"ARANI Y PJE. 17, Córdoba, Córdoba, Argentina","-31,4164186","-64,1847306","X5000ADA, Pje. Sta Catalina 1, X5000ADA Córdoba, Argentina",Match,Google
MARIA SANCHEZ MENDEVILLE,E.BODEREAU 7720,6,3208,3213,2085,1-14O,Capital,VILLA 9 DE JULIO,1,14O,,,Córdoba,"E.BODEREAU 7720, Córdoba, Córdoba, Argentina","-31,3330897","-64,2880211","Av. Agrim Enrique Bodereau 7720, Córdoba, Argentina",Match,Google
ESC.MUNIC.DR.CARLOS BECERRA,GAONA 1283,6,1879,1884,2083,1-11E,Capital,LOS PLATANOS,1,11E,,,Córdoba,"GAONA 1283, Córdoba, Córdoba, Argentina","-31,4216227","-64,232189","Gaona 1283, X5010BNM Córdoba, Argentina",Match,Google
JORGE LUIS BORGES (IPEM 41),ALTO ALEGRE/NAMUNCURA 1071,6,1941,1946,2080,1-11G,Capital,PARQUE REPUBLICA,1,11G,,,Córdoba,"ALTO ALEGRE/NAMUNCURA 1071, Córdoba, Córdoba, Argentina","-31,4159359","-64,2638175","Alto Alegre 1071, Córdoba, Argentina",Match,Google
ESCUELA ADVENTISTA HECTOR RHYS,TANINGA 3152,6,2391,2396,2076,1-12F,Capital,JOSE HERNANDEZ,1,12F,,,Córdoba,"TANINGA 3152, Córdoba, Córdoba, Argentina","-31,4486701","-64,1668438","Taninga 3152, Córdoba, Argentina",Match,Google
ESC SECUNDARIA CARLOS M DE ALV,FARADAY 5721,6,2419,2424,2074,1-12G,Capital,ITUZAINGO,1,12G,,,Córdoba,"FARADAY 5721, Córdoba, Córdoba, Argentina","-31,4665026","-64,0874977","Faraday 5721, Córdoba, Argentina",Match,Google
IPEM N° 309 (FUENTEALBA),CALLE PUBLICA,6,2309,2314,2068,1-12D,Capital,JOSE IGNACIO DIAZ,1,12D,,,Córdoba,"CALLE PUBLICA, Córdoba, Córdoba, Argentina","-31,4621126","-64,1571841","Jacobo Feldman, Córdoba, Argentina",Match,Google
"IPEM 199 ""JUAN EMILIO REMONDA""",SOSA REVELLO 590,6,886,891,2058,1-7G,Capital,PANAMERICANO,1,7G,,,Córdoba,"SOSA REVELLO 590, Córdoba, Córdoba, Argentina","-31,3680204","-64,1823719","Sosa Revello 590, Córdoba, Argentina",Match,Google
IPEM 154 MARTIN M DE GUEMES,O NAVARRO 2751,6,1487,1492,2050,1-10H,Capital,PARQUE CAPITAL,1,10H,,,Córdoba,"O NAVARRO 2751, Córdoba, Córdoba, Argentina","-31,4391191","-64,2250704","Octaviano Navarro 2751, Córdoba, Argentina",Match,Google
ESC REPUBLICA DE SIRIA,TRAFUL 908,6,1270,1275,2049,1-10B,Capital,CIUDADELA,1,10B,,,Córdoba,"TRAFUL 908, Córdoba, Córdoba, Argentina","-31,4526799","-64,2103899","Traful 908, Córdoba, Argentina",Match,Google
ESC SAN JOSE DE CALASANZ,PIZARRO ESQ. NIVOLI,6,284,289,2045,1-4C,Capital,INAUDI,1,4C,,,Córdoba,"PIZARRO ESQ. NIVOLI, Córdoba, Córdoba, Argentina","-31,4765008","-64,1943691","Pizarro & Teniente Mario H. Nivoli, Córdoba, Argentina",Match,Google
ESC CONGRESO DE TUCUMAN,H MALVINO 2772,6,1028,1033,2043,1-9B,Capital,LAS MARGARITAS,1,9B,,,Córdoba,"H MALVINO 2772, Córdoba, Córdoba, Argentina","-31,3769809","-64,2119449","Herminio Malvino 2772, X5008EWF Córdoba, Argentina",Match,Google
INST. SAN JOSE ARTESANO,HUILICHES 1021,6,1505,1510,2041,1-10I,Capital,PARQUE HORIZONTE,1,10I,,,Córdoba,"HUILICHES 1021, Córdoba, Córdoba, Argentina","-31,4568075","-64,2132136","Huiliches 1021, Córdoba, Argentina",Match,Google
ESC MUNIC CESAR E ROMERO,AV ROSARIO DEL DORADO 6052,6,1353,1358,2040,1-10E,Capital,ESTACION FLORES,1,10E,,,Córdoba,"AV ROSARIO DEL DORADO 6052, Córdoba, Córdoba, Argentina","-31,4652035","-64,2367788","Rosario de Dorado, Córdoba, Argentina",Match,Google
IPEM 311,USUAHIA 2150,6,1247,1252,2038,1-10A,Capital,CABILDO,1,10A,,,Córdoba,"USUAHIA 2150, Córdoba, Córdoba, Argentina","-31,4816203","-64,2354148","Ushuaia 2150, Córdoba, Argentina",Match,Google
ESC CANONIGO PIÑERO,MARTIN C MALDONADO CAMPO LA RIVERA,6,436,441,2037,1-5D,Capital,MALDONADO,1,5D,,,Córdoba,"MARTIN C MALDONADO CAMPO LA RIVERA, Córdoba, Córdoba, Argentina","-31,4118757","-64,1300352","Martín Cartechini 100, Córdoba, Argentina",Match,Google
IPEM 159.ARISTOBULO DEL VALLE,DIAZ COLODRERO 2586,6,2616,2621,2028,1-13F,Capital,NUEVA ITALIA,1,13F,,,Córdoba,"DIAZ COLODRERO 2586, Córdoba, Córdoba, Argentina","-31,3800648","-64,1446853","Díaz Colodrero 2586, Córdoba, Argentina",Match,Google
ESC TTE GRAL P RICCHIERI,BENJAMIN VIEL 2387,6,469,474,2028,1-5E,Capital,VILLA BUSTOS,1,5E,,,Córdoba,"BENJAMIN VIEL 2387, Córdoba, Córdoba, Argentina","-31,4367201","-64,1132749","Benjamín Viel 2387, X5006GNC Córdoba, Argentina",Match,Google
ESC PRESIDENTE KENNEDY,JULIAN PAZ 1851,6,1180,1185,2018,1-9G,Capital,VILLA CABRERA,1,9G,,,Córdoba,"JULIAN PAZ 1851, Córdoba, Córdoba, Argentina","-31,3883457","-64,2084922","Julián Paz 1851, X5008JXE Córdoba, Argentina",Match,Google
IPEM N° 22 JUAN FILLOY,CALLE DE LA CUECA,6,668,673,2016,1-7A,Capital,GUIÑAZU,1,7A,,,Córdoba,"CALLE DE LA CUECA, Córdoba, Córdoba, Argentina","-31,315012","-64,1801652","De la Cueca, Córdoba, Argentina",Match,Google
ESC PRIMARIA GRACIELA DEL RIO,PUBLICA  S/N,6,1653,1658,1994,1-10M,Capital,AMPLIACION CABILDO,1,10M,,,Córdoba,"PUBLICA  S/N, Córdoba, Córdoba, Argentina","-31,4632889","-64,2643069","Pública A Sur, Córdoba, Argentina",Match,Google
IPEM 16 MA.SALEME DE BURNICHON,TABACUE 9242,6,3186,3191,1940,1-14N,Capital,VILLA CORNU,1,14N,,,Córdoba,"TABACUE 9242, Córdoba, Córdoba, Argentina","-31,3158119","-64,2676548","Tabacué 9242, Córdoba, Argentina",Match,Google
ESC. MADRE MARIA DEL TRANSITO,"MANZANA 7,",6,540,545,1935,1-5H,Capital,VILLA BOEDO,1,5H,,,Córdoba,"MANZANA 7,, Córdoba, Córdoba, Argentina","-31,3836726","-64,270121","Manzana 7, Córdoba, Argentina",Match,Google
ESC  9 DE JULIO,JOSE A CABRERA° 5051,6,378,383,1827,1-5B,Capital,DEAN FUNES,1,5B,,,Córdoba,"JOSE A CABRERA° 5051, Córdoba, Córdoba, Argentina","-31,4442679","-64,1211695","José Antonio Cabrera 5051, Córdoba, Argentina",Match,Google
ESC MUNIC DR P CARANDE CARRO,MARTINEZ PAZ 80,5,2541,2545,1736,1-13A,Capital,AYACUCHO,1,13A,,,Córdoba,"MARTINEZ PAZ 80, Córdoba, Córdoba, Argentina","-31,3708945","-64,1707705","Enrique Martínez Paz 80, Córdoba, Argentina",Match,Google
ESC MODESTA RODRIGUEZ,VALERIO BETA N° 7323 (iglesia),5,3003,3007,1733,1-14E,Capital,CERRO NORTE,1,14E,,,Córdoba,"VALERIO BETA N° 7323 (iglesia), Córdoba, Córdoba, Argentina","-31,3257465","-64,2661","Valerio Beta 7537, Argüello, Córdoba, Argentina",Match,Google
INST SEC EMPALME GONZALEZ LACA,LAS ARRIAS 4043,5,412,416,1731,1-5C,Capital,EMPALME,1,5C,,,Córdoba,"LAS ARRIAS 4043, Córdoba, Córdoba, Argentina","-31,4293739","-64,1289505","Las Arrias 4043, Córdoba, Argentina",Match,Google
ESC GERONIMO GRAGERA,MOLLEYACO/PAYEN,5,3017,3021,1727,1-14E,Capital,CERRO NORTE,1,14E,,,Córdoba,"MOLLEYACO/PAYEN, Córdoba, Córdoba, Argentina","-31,3236498","-64,2799634","Payen & Molleyaco, Córdoba, Argentina",Match,Google
ESC GENERAL MOSCONI,ROBIN FERREYRA 2324,5,2061,2065,1725,1-11J,Capital,SANTA ANA,1,11J,,,Córdoba,"ROBIN FERREYRA 2324, Córdoba, Córdoba, Argentina","-31,4146905","-64,2156313","Félix Robin Ferreyra 2324, X5002JUJ Córdoba, Argentina",Match,Google
ESC ASOCIACION DE MAYO,COLOMPREA 1240,5,2493,2497,1682,1-13,Capital,LEANDRO N. ALEM,1,13,,,Córdoba,"COLOMPREA 1240, Córdoba, Córdoba, Argentina","-31,391083","-64,1604761","Colomprea 1240, Córdoba, Argentina",Match,Google
ESC ELISA K DE LIVACK,CUIMAN 6543,5,2964,2968,1679,1-14B,Capital,ARGUELLO PRIMERO,1,14B,,,Córdoba,"CUIMAN 6543, Córdoba, Córdoba, Argentina","-31,3439209","-64,2745864","Cuiman 6543, X5021 Córdoba, Argentina",Match,Google
ESC REPUBLICA DE COSTA RICA,RUTA 9 KM 8 1/2,5,2324,2328,1671,1-12E,Capital,FERREYRA,1,12E,,,Córdoba,"RUTA 9 KM 8 1/2, Córdoba, Córdoba, Argentina","-31,2987111","-64,1740137","Ruta 9 Norte Km. 716 1/2, Juárez Celman, Córdoba, Argentina",Match,Google
ESC MUNIC AZOR GRIMAUT,SOBREMONTE 6100,5,1304,1308,1668,1-10C,Capital,COMERCIAL,1,10C,,,Córdoba,"SOBREMONTE 6100, Córdoba, Córdoba, Argentina","-31,4844911","-64,2153093","Calle Sobremonte 6100, Córdoba, Argentina",Match,Google
COLEGIO PRIVADO SAN ISIDRO,ARMADA ARGENTINA 3648,5,1572,1576,1652,1-10K,Capital,VICOR,1,10K,,,Córdoba,"ARMADA ARGENTINA 3648, Córdoba, Córdoba, Argentina","-31,486006","-64,2466327","Armada Argentina 3648, Córdoba, Argentina",Match,Google
ESC MUNIC MAESTRO M OLIVA,GABRIEL TOMASSINI 6951,5,3080,3084,1633,1-14H,Capital,MERCANTIL,1,14H,,,Córdoba,"GABRIEL TOMASSINI 6951, Córdoba, Córdoba, Argentina","-31,3184881","-64,2571863","Calle Gabriel Tomasini 6951, Córdoba, Argentina",Match,Google
J DE INF DR ARTURO U ILLIA,ARICA Y TOTORAL,4,1626,1629,1397,1-10L,Capital,VILLA EL LIBERTADOR,1,10L,,,Córdoba,"ARICA Y TOTORAL, Córdoba, Córdoba, Argentina","-31,4773743","-64,207176","Arica & Totoral, Córdoba, Argentina",Match,Google
ESC PATRICIAS MENDOCINAS,IBARRA ESQ FORESTIERI,4,1649,1652,1389,1-10L,Capital,VILLA EL LIBERTADOR,1,10L,,,Córdoba,"IBARRA ESQ FORESTIERI, Córdoba, Córdoba, Argentina","-31,4712432","-64,2228086","Forestieri & Carmelo Ibarra, Córdoba, Argentina",Match,Google
ESC DR IGNACIO DUARTE QUIROS,FARADAY 5168,4,2425,2428,1376,1-12G,Capital,ITUZAINGO,1,12G,,,Córdoba,"FARADAY 5168, Córdoba, Córdoba, Argentina","-31,4607257","-64,0872305","Faraday 5168, Córdoba, Argentina",Match,Google
ESC MOYANO COUDERT,DUARTE QUIROS 3947,4,1737,1740,1371,1-11A,Capital,ALTO ALBERDI,1,11A,,,Córdoba,"DUARTE QUIROS 3947, Córdoba, Córdoba, Argentina","-31,4051572","-64,2326917","Duarte Quirós 3947, Córdoba, Argentina",Match,Google
IPEM 318 COMBATE DE LA TABLADA,LA TABLADA 4861,4,2095,2098,1365,1-11K,Capital,VILLA GRAL URQUIZA,1,11K,,,Córdoba,"LA TABLADA 4861, Córdoba, Córdoba, Argentina","-31,3911243","-64,2415336","La Tablada 4861, X5003BNK Córdoba, Argentina",Match,Google
ESC MUNIC. MONSEÑOR ANGELELLI,FEDERICO RAUCH 2790,4,2741,2744,1348,1-13I,Capital,SAN JORGE,1,13I,,,Córdoba,"FEDERICO RAUCH 2790, Córdoba, Córdoba, Argentina","-31,3757457","-64,1315619","Federico Rauch 2790, Córdoba, Argentina",Match,Google
COL SAN BUENAVENTURA,AV DON BOSCO 5001,4,1897,1900,1347,1-11F,Capital,LOS ROBLES,1,11F,,,Córdoba,"AV DON BOSCO 5001, Córdoba, Córdoba, Argentina","-31,403251","-64,2493284","Av. Don Bosco 5001, Córdoba, Argentina",Match,Google
INST. TEC. ISAAC NEWTON,MOLINO DE TORRES 6635,4,3225,3228,1289,1-14Q,Capital,VILLA WARCALDE,1,14Q,,,Córdoba,"MOLINO DE TORRES 6635, Córdoba, Córdoba, Argentina","-31,3422291","-64,2933369","Molino de Torres 6635, Córdoba, Argentina",Match,Google
IPEM N° 17,LAGUNA LARGA ESQ.RINCON DE LUNA,4,3221,3224,1279,1-14P,Capital,VILLA RIVERA INDARTE,1,14P,,,Córdoba,"LAGUNA LARGA ESQ.RINCON DE LUNA, Córdoba, Córdoba, Argentina","-31,3193075","-64,2932324","Rincón de Luna & Laguna Larga, X5018 Córdoba, Argentina",Match,Google
ESC REPUBLICA DE LA INDIA,CNO MONTE CRISTO KM 5,4,2595,2598,1266,1-13E,Capital,LA DOROTEA,1,13E,,,Córdoba,"CNO MONTE CRISTO KM 5, Córdoba, Córdoba, Argentina","-31,37562","-64,07724","Camino Montecristo, Km 8,5, Córdoba, Argentina",Match,Google
CURACA LINO ACEVEDO,PUBLICA ESQ DOCENTES ARGENTINOS,3,1947,1949,1041,1-11G,Capital,PARQUE REPUBLICA,1,11G,,,Córdoba,"PUBLICA ESQ DOCENTES ARGENTINOS, Córdoba, Córdoba, Argentina","-31,375959","-64,194159","Antonio Arcos 3157 – B° Sargento Cabral, X5008 Córdoba, Argentina",Match,Google
J DE INF B.RIVADAVIA,NUFLO DE AGUILAR 541,3,813,815,1038,1-7E,Capital,MARQUES DE SOBREMONTE,1,7E,,,Córdoba,"NUFLO DE AGUILAR 541, Córdoba, Córdoba, Argentina","-31,3637381","-64,1956706","Nuflo de Aģuilar 541, Córdoba, Argentina",Match,Google
JARDIN MATERNAL TRAVESURAS,MULUCHES 9601,3,3132,3134,983,1-14K,Capital,VILLA ALLENDE PARQUE,1,14K,,,Córdoba,"MULUCHES 9601, Córdoba, Córdoba, Argentina","-31,3142657","-64,28392","Muluches 9601, X5018 Córdoba, Argentina",Match,Google
ESC  RABINDRANAT TAGORE,OCARINA  - 1613,3,892,894,752,1-8,Capital,LA FLORESTA NORTE,1,8,,,Córdoba,"OCARINA  - 1613, Córdoba, Córdoba, Argentina","-31,3896663","-64,1233289","Ocarina 1613, Córdoba, Argentina",Match,Google
JARDIN TTE. AVILA,ALTO ALEGRE 1079,2,1939,1940,694,1-11G,Capital,PARQUE REPUBLICA,1,11G,,,Córdoba,"ALTO ALEGRE 1079, Córdoba, Córdoba, Argentina","-31,4162173","-64,2634702","Alto Alegre 1079, Córdoba, Argentina",Match,Google
ESC DR LUIS A CAEIRO,ORTIZ Y HERRERA 1932,2,2230,2231,683,1-12B,Capital,COLON,1,12B,,,Córdoba,"ORTIZ Y HERRERA 1932, Córdoba, Córdoba, Argentina","-31,4288275","-64,1624749","Ortiz y Herrera 1932, Córdoba, Argentina",Match,Google
J DE INF CADETES FUERZA AEREA,LEOPOLDO CASAVEGA 2320,2,1339,1340,681,1-10E,Capital,ESTACION FLORES,1,10E,,,Córdoba,"LEOPOLDO CASAVEGA 2320, Córdoba, Córdoba, Argentina","-31,436007","-64,251219","Leopoldo Casavega 2320, Córdoba, Argentina",Match,Google
ESC JORGE WASHINGTON ABALOS,AV JUAN B JUSTO RUTA 9 NORTE 8500,2,2843,2844,452,1-13L,Capital,VILLA GRAN PARQUE,1,13L,,,Córdoba,"AV JUAN B JUSTO RUTA 9 NORTE 8500, Córdoba, Córdoba, Argentina","-31,3203784","-64,1752992","RN9 8500, Córdoba, Argentina",Match,Google
IPEM 21 ALFONSINA STORNI,BARTOLOME HIDALGO/ATALIVA HERRERA,1,2676,2676,344,1-13G,Capital,PARQUE LICEO,1,13G,,,Córdoba,"BARTOLOME HIDALGO/ATALIVA HERRERA, Córdoba, Córdoba, Argentina","-31,3589306","-64,1609051","Ataliva Herrera & Bartolomé Hidalgo, Córdoba, Argentina",Match,Google
J DE INF REPUBLICA DE SIRIA,VIRGILIO MOYANO 830,1,1287,1287,341,1-10B,Capital,CIUDADELA,1,10B,,,Córdoba,"VIRGILIO MOYANO 830, Córdoba, Córdoba, Argentina","-31,4485784","-64,2079123","Dr. Virgilio Moyano 830, X5016BWR Córdoba, Argentina",Match,Google
ESC MUNICIPAL DR  A SOBRAL,PUBLICA S/N°,1,577,577,295,1-6A,Capital,BAJADA DE PIEDRA,1,6A,,,Córdoba,"PUBLICA S/N°, Córdoba, Córdoba, Argentina","-31,4632889","-64,2643069","Pública A Sur, Córdoba, Argentina",Match,Google
ESC JORGE NEWBERY (CIRC 7F),MATIENZO 5895,1,667,667,106,1-7,Capital,AEROPUERTO,1,7,,,Córdoba,"MATIENZO 5895, Córdoba, Córdoba, Argentina","-31,3492888","-64,1798601","Benjamín Matienzo 5895, Córdoba, Argentina",Match,Google
ESC J NEWBERY,ALBERTO MACIAS 451,1,753,753,10,1-7C,Capital,CNO. A PAJAS BLANCAS,1,7C,,,Córdoba,"ALBERTO MACIAS 451, Córdoba, Córdoba, Argentina","-31,3497","-64,1794453","Alberto Mascías 451, Córdoba, Argentina",Match,Google
INSTITUTO SEC. GRAL PAZ,BV.SRMIENTO Y S.NICOLA 390,5,4328,4332,1685,6-77,General San Martín,ETRURIA,6,77,,,ETRURIA,"BV.SRMIENTO Y S.NICOLA 390, ETRURIA, Córdoba, Argentina",,,,"FAILED SCRIPT: Lo sentimos, se produjo un error en el servidor. Aguarde un momento e inténtelo de nuevo.",Google
IPEM 167 JOSE MANUEL ESTRADA,B. DE O'HIGGINS 2632,10,2381,2390,3466,1-12F,Capital,JOSE HERNANDEZ,1,12F,,,Córdoba,"B. DE O'HIGGINS 2632, Córdoba, Córdoba, Argentina",,,,FAILED SCRIPT: Acción no permitida,Google
ESC RAUL A FERREYRA,PUBLICA S/N -ALTURA AV O'HIGGINS 3500,9,2438,2446,3057,1-12H,Capital,LOS CERVECEROS,1,12H,,,Córdoba,"PUBLICA S/N -ALTURA AV O'HIGGINS 3500, Córdoba, Córdoba, Argentina",,,,FAILED SCRIPT: Acción no permitida,Google
ESC JOSE M ESTRADA,AV B DE O'HIGGINS KM 8 1/2,7,2447,2453,2382,1-12H,Capital,LOS CERVECEROS,1,12H,,,Córdoba,"AV B DE O'HIGGINS KM 8 1/2, Córdoba, Córdoba, Argentina",,,,FAILED SCRIPT: Acción no permitida,Google
ESC  RICARDO PALMA,D'ALEMBERT Y GAUSS,7,3143,3149,2364,1-14L,Capital,VILLA BELGRANO,1,14L,,,Córdoba,"D'ALEMBERT Y GAUSS, Córdoba, Córdoba, Argentina",,,,FAILED SCRIPT: Acción no permitida,Google
J DE INF RAUL A.FERREYRA,B DE O'HIGGINS 3500,3,2454,2456,1021,1-12H,Capital,LOS CERVECEROS,1,12H,,,Córdoba,"B DE O'HIGGINS 3500, Córdoba, Córdoba, Argentina",,,,FAILED SCRIPT: Acción no permitida,Google
"I.P.E.A Y T,N°186-",CARLOS GARDEL Y CAPITAN CASTAGNARI,4,5928,5931,1381,13-179,Río Cuarto,LAS HIGUERAS,13,179,,,LAS HIGUERAS,"CARLOS GARDEL Y CAPITAN CASTAGNARI, LAS HIGUERAS, Córdoba, Argentina","-33,0990978","-64,2924408","Río Cuarto, Cordoba, Argentina",Match,Google
JARD INF JORGE A NEWBERY,ESPAÑA 86,4,5924,5927,1376,13-179,Río Cuarto,LAS HIGUERAS,13,179,,,LAS HIGUERAS,"ESPAÑA 86, LAS HIGUERAS, Córdoba, Argentina","-33,0909119","-64,2855148","Las Higueras, Río Cuarto, Cordoba, Argentina",Partial Match,Google
INST JUAN BAUTISTA ALBERDI,BV LORENZO BERARDO  NORTE 325,4,6311,6314,1369,13-191,Río Cuarto,SAN BASILIO,13,191,,,SAN BASILIO,"BV LORENZO BERARDO  NORTE 325, SAN BASILIO, Córdoba, Argentina",,,,,
IPEM N° 125 R SCALABRINI ORTIZ,,4,5889,5892,1323,13-172,Río Cuarto,HOLMBERG,13,172,,,HOLMBERG,", HOLMBERG, Córdoba, Argentina",,,,,
ESC RICARDO GUTIERREZ,ALBERDI 377,4,5871,5874,1264,13-170,Río Cuarto,ELENA,13,170,,,ELENA,"ALBERDI 377, ELENA, Córdoba, Argentina",,,,,
IPEM N° 119 NESTOR ZARAZAGA,GOBERNADOR JULIO BORDA S/N,4,5741,5744,1231,13-163,Río Cuarto,ALPA CORRAL,13,163,,,ALPA CORRAL,"GOBERNADOR JULIO BORDA S/N, ALPA CORRAL, Córdoba, Argentina",,,,,
ESC.FRAY M.ALVAREZ,SARMIENTO 187,3,5858,5860,1032,13-167,Río Cuarto,BULNES,13,167,,,BULNES,"SARMIENTO 187, BULNES, Córdoba, Argentina",,,,,